7.600126558601380013e-03
1.508030671891836920e-02
1.194868551474619241e-02
1.712472526758672051e-02
8.559124119046102605e-04
1.344162225888059217e-03
1.372105662884353944e-03
2.202384920729916293e-03
1.966218618722797868e-03
4.026702329583463011e-03
2.466414833091745869e-03
3.876430118275956890e-03
4.533465081373977521e-04
1.048844156426666490e-03
6.152981101761373275e-04
1.030793329213159672e-03
8.254009163778554606e-03
7.839443667470658364e-03
1.479291144222316841e-02
1.929332038122235846e-02
9.506625744859082934e-04
2.123471051306000720e-03
1.683246423738485494e-03
2.444744432223069832e-03
2.068045266096014273e-03
4.122920231272260427e-03
2.675406092901826387e-03
3.999981487679898744e-03
4.895797437879068851e-04
1.085922852906641162e-03
6.971521283068614827e-04
1.087907671921017460e-03
8.092682620206253022e-03
1.623860957739657954e-02
1.862555080457646214e-02
2.155759293344590433e-02
1.055153144952004907e-03
2.216355534519158683e-03
2.088060367719475618e-03
2.692984741045044601e-03
2.153929226438838773e-03
4.149802873486339860e-03
2.915416977360839497e-03
4.101839150055834431e-03
5.241895034285294326e-04
1.108919084355791109e-03
7.867113095572918517e-04
1.135782084672665041e-03
9.925819900069262833e-03
8.409317919489315771e-03
2.364454489003374460e-02
2.475690237426841217e-02
1.174368781890449591e-03
2.297931142770201930e-03
2.538183951572698955e-03
2.934990313507729060e-03
2.231972008922823020e-03
4.126779320018258111e-03
3.236828346811278668e-03
4.215783752165440899e-03
5.574284458310011349e-04
1.118078886518720843e-03
8.948018179680337740e-04
1.176791835056305736e-03
1.111754743962209933e-02
1.749733303606185869e-02
3.014399392754545451e-02
2.794049525375141493e-02
1.314832757493838425e-03
2.372286534460410316e-03
3.128304276679710547e-03
3.157968287304893564e-03
2.300824927823839818e-03
4.060651949128274429e-03
3.691780442318344253e-03
4.365736841249535580e-03
5.899202578966417218e-04
1.114514147166143897e-03
1.028424969955644020e-03
1.215147042295056101e-03
1.271059250012346147e-02
9.177944442244928558e-03
3.848973917515049331e-02
3.131988459554318344e-02
1.483734015485847638e-03
2.442893745591220075e-03
3.800502447543541596e-03
3.320199276790078945e-03
2.370503462218607506e-03
3.962124720618963834e-03
4.427526584538275627e-03
4.606827159334512568e-03
6.229417315277977667e-04
1.100162697424660139e-03
1.201578350341815258e-03
1.249853809045959989e-03
1.479366954020162710e-02
1.940994276373071009e-02
4.918108577376255341e-02
3.482244506599664613e-02
1.685309661357027372e-03
2.509048087258254275e-03
4.594771549564569298e-03
3.503804833133728792e-03
2.455890270608064238e-03
3.847814298890917407e-03
5.452061070427898122e-03
4.906019485860991375e-03
6.592143455407255704e-04
1.078191799454081539e-03
1.415264761986557897e-03
1.277525139328903074e-03
1.746520095049975199e-02
2.065700580403400516e-02
4.886105903567795894e-02
3.458607680894630609e-02
1.924574533745463051e-03
2.569403790606595867e-03
4.579834583681899329e-03
3.464992795939481930e-03
2.580058129902124305e-03
3.739899708472445728e-03
5.411463209554555169e-03
4.854030132916464790e-03
7.030186326769087167e-04
1.052662995236805076e-03
1.406136500451182986e-03
1.257218591221857763e-03
2.085178866965272867e-02
2.209854895145572928e-02
5.095802109921465650e-02
3.432582488887132854e-02
2.209553966548288839e-03
2.106639541395641853e-03
4.733421814991868939e-03
3.423011859851148725e-03
2.775462638849509125e-03
3.664912753789655465e-03
5.643944584641563157e-03
4.838982156371640815e-03
7.602098928013740348e-04
1.028227212166307140e-03
1.447340282393795282e-03
1.234993241105099195e-03
2.497285023626118206e-02
5.365730569386129023e-02
4.153359527049949040e-02
5.471316338884182201e-02
4.731783010340609268e-03
5.645561420876133753e-03
6.447400430374131131e-03
9.314206585749404063e-03
6.660786912141777177e-03
1.225755769604997859e-02
8.175691318691724607e-03
1.184140702154265826e-02
2.199591633564442535e-03
3.970517846956825650e-03
2.911183769648195783e-03
4.316942074025526856e-03
2.851870693489571076e-02
2.157403267165622016e-02
5.122466161405025975e-02
6.180156573641026885e-02
4.478051403655216277e-03
9.660678877591382177e-03
8.285181741461365365e-03
1.002689708875657663e-02
6.993221250635589525e-03
1.248934984216916282e-02
8.864151328081994533e-03
1.227610032242000028e-02
2.285425871873550570e-03
4.623030196003189568e-03
3.200411725554374621e-03
4.570556903106532190e-03
2.702860671848525409e-02
5.697986131811517974e-02
6.519584820788987267e-02
7.130208614418587221e-02
5.646528945930137655e-03
9.533185486910051784e-03
9.477072234685586516e-03
1.245866995689058274e-02
7.264504650285654071e-03
1.237783450251319327e-02
9.568312690367654361e-03
1.256382924008850842e-02
2.522777038376634254e-03
4.745897669601739297e-03
3.661776020984873828e-03
4.789121058877069369e-03
3.407603782191707259e-02
2.212662056982098516e-02
8.256088865364059892e-02
8.412631425104341587e-02
5.568900817943009222e-03
8.303320586021692429e-03
1.207491962836514804e-02
1.295162717462193872e-02
7.558568607442278653e-03
1.227593519593534084e-02
1.069626739379337700e-02
1.310355293769003768e-02
2.683611071665076894e-03
4.531227433733468063e-03
4.193561486933510170e-03
5.094168485339594515e-03
3.769194735003569829e-02
7.957225319012103948e-02
1.071223546818266814e-01
9.333125374527530271e-02
6.310674570565388830e-03
9.907026309811212475e-03
1.455266525776631979e-02
1.400122317515199895e-02
7.789238555975540323e-03
1.263463196042884963e-02
1.221717301799186799e-02
1.366880903831931178e-02
2.776819285427206425e-03
4.889497324153219485e-03
4.847339567207955072e-03
5.294181571613582223e-03
5.377082358832838832e-02
3.101379139072200225e-02
1.368443009743407768e-01
1.028311006533519090e-01
8.269919302293740962e-03
8.837053237152055901e-03
1.805159089822941376e-02
1.499504266668482723e-02
7.993165560250455395e-03
1.246582370019686838e-02
1.480274520805598994e-02
1.470090162909863316e-02
3.022139810866374121e-03
4.348434679545821503e-03
5.497611104575359127e-03
5.603614054915583183e-03
5.250025427047563115e-02
6.133734877583710277e-02
1.566839153943981600e-01
1.144185931249478011e-01
7.423221734323422194e-03
1.125996514408793454e-02
2.116897192358418653e-02
1.648917200301078939e-02
8.354335150673469421e-03
1.240763012528818890e-02
1.612069988293936967e-02
1.503923764265159384e-02
3.188373853506434354e-03
4.826016100600381137e-03
6.104924152684978664e-03
5.635368842959087056e-03
5.800663037703862601e-02
5.557963200549581595e-02
1.581706372191727106e-01
1.150719868275331959e-01
1.065039939171346685e-02
1.106014254683407826e-02
2.129198830514280813e-02
1.585992406510081804e-02
8.944593124928439803e-03
1.163502883967915819e-02
1.635278873989365334e-02
1.513990172376956413e-02
3.369115969505876405e-03
4.533814595670306209e-03
6.181995879049817337e-03
5.490357631893979379e-03
8.276098032558611151e-02
7.981559315423211731e-02
1.569839849792717124e-01
1.099766881558315590e-01
1.329560306221785372e-02
1.050866601098969857e-02
2.095709333495787696e-02
1.551057100755186095e-02
9.601548698180903396e-03
1.171836175062680382e-02
1.647050246659105890e-02
1.482449377243047657e-02
3.734463286490313609e-03
5.425260980524829191e-03
6.240926115262415003e-03
5.447023414161262199e-03
8.444020141235511479e-02
1.791920776727448650e-01
1.404739773816961745e-01
1.690003351099229334e-01
2.126979524635222094e-02
1.955903787028361387e-02
2.992575575089888654e-02
3.819120454033032158e-02
2.241991861962376120e+01
2.258357385612702117e+01
2.380216668503375388e+01
2.373718388699358073e+01
9.052626289277061034e+00
9.804463387244245709e+00
1.056337034876578151e+01
1.076785002617952181e+01
9.649922117327312809e-02
6.782750451461257157e-02
1.736567701079100579e-01
1.970848068052039603e-01
2.127059208464407436e-02
3.721978769402139314e-02
3.760822983204389902e-02
4.149901233337628670e-02
2.270005179106842874e+01
2.265254232129532852e+01
2.470501421771173867e+01
2.438072678583221276e+01
9.297143480756039580e+00
1.013692508363208233e+01
1.131167081104326577e+01
1.127052294570136048e+01
8.784484158786241836e-02
1.657030468780950339e-01
2.229182072734071929e-01
2.295815050187173800e-01
2.433971870448951857e-02
3.711421539993017826e-02
4.422516791759466964e-02
5.243691077091660463e-02
2.304467281772042853e+01
2.306859174697194703e+01
2.612030537183165180e+01
2.532967844388010192e+01
9.730906614735014060e+00
1.042018210125582200e+01
1.252842505502831827e+01
1.192689570160765378e+01
1.195768938990767055e-01
6.409044039296465933e-02
2.837512744286062594e-01
2.636347835610634016e-01
2.301739492466910522e-02
3.320084446943983442e-02
5.398269798842066786e-02
5.316477802515438139e-02
2.351825783887525390e+01
2.336260015880030849e+01
2.855970434095169708e+01
2.684878328654712831e+01
1.015838418519913233e+01
1.060980847359540391e+01
1.400439584621063815e+01
1.278452606226505672e+01
1.205502002664827627e-01
2.428731313823458970e-01
3.708691054221727734e-01
3.044917218257829905e-01
3.134928201905825412e-02
4.311242226836173308e-02
6.811349226019949854e-02
6.081808128493268462e-02
2.421371631744902331e+01
2.375579290233906704e+01
3.253920347372022093e+01
2.921277347149957748e+01
1.071295407268618227e+01
1.080816577718326066e+01
1.599133070379123644e+01
1.383327261369529815e+01
1.664180445830840682e-01
8.918369600002158670e-02
4.233132187228336729e-01
3.159905162696152181e-01
4.044255876502089730e-02
4.263583551188938198e-02
7.845729191483728771e-02
6.397047723254047080e-02
2.504488570306872575e+01
2.428963612410629835e+01
3.469546400591971036e+01
3.085115766166136808e+01
1.148206639559577447e+01
1.117438835593108770e+01
1.700326880262089091e+01
1.459200856198132357e+01
1.861084180176634517e-01
2.146698205514845914e-01
4.626776850518251605e-01
3.533836244286368555e-01
3.446968293153094415e-02
3.944631997245160587e-02
8.794394524112632283e-02
6.798570289595855243e-02
2.628353689952271921e+01
2.502412176970821989e+01
3.611333591330400594e+01
3.212179711339236832e+01
1.224222411970243485e+01
1.191236926441255406e+01
1.818993610340757883e+01
1.524838001024479617e+01
1.889674840231534425e-01
2.150961171424230489e-01
4.570950352348185364e-01
3.463756158795233686e-01
4.553863170944727479e-02
3.791733354387585853e-02
8.719860627499367856e-02
6.645062034018477115e-02
2.802300600822718479e+01
2.612081587910713054e+01
3.637191659770035557e+01
3.234018387387637716e+01
1.330192083667951231e+01
1.233051517783047757e+01
1.818463605526002880e+01
1.527994512340443301e+01
2.790811550773928951e-01
2.406636980434528894e-01
4.488523658372032266e-01
3.436520827303249370e-01
6.007911772477435991e-02
5.155436750932072126e-02
8.404546794747366767e-02
6.227244855333508716e-02
3.025294793976750185e+01
2.759629553331605933e+01
3.637776781934680770e+01
3.233161212219592073e+01
1.469752770616103099e+01
1.321356510656421435e+01
1.836742873995757463e+01
1.540680501383519641e+01
2.863975895318045528e-01
5.141019086351972245e-01
4.643485311605650701e-01
5.083924446010702480e-01
9.931597139095686699e-02
8.663374575959688351e-02
1.308263709196302027e-01
1.532900321034021962e-01
1.781040043634217085e+01
1.789832176936127439e+01
1.861967286214646222e+01
1.871479794641119909e+01
9.606745870498055950e+00
1.106295023554986479e+01
1.112546460149589045e+01
1.098594875475440880e+01
3.409563198458512301e-01
1.733550153146163064e-01
5.719238919417147793e-01
6.077437560933947047e-01
8.699654330943519531e-02
1.318899417711809352e-01
1.609840595462666557e-01
1.726716989357368059e-01
1.728954087491673874e+01
1.751188843258971417e+01
1.941799874643047019e+01
1.930397830294290529e+01
9.679947691606297866e+00
1.056380116123644086e+01
1.185321839380058861e+01
1.129300155261156569e+01
3.067558045116111631e-01
4.694472645101244734e-01
7.329350629823411234e-01
6.937617649600672509e-01
9.552559847475730614e-02
1.406743862890757757e-01
1.856558344166542862e-01
2.071344432277580916e-01
1.843414863188512243e+01
1.670583918614099517e+01
2.044968533823697143e+01
1.978159083749957148e+01
1.023973576135341368e+01
1.069921921849335433e+01
1.287610458988952722e+01
1.237236451804974813e+01
4.012488115481059325e-01
2.184103530838214235e-01
9.378501131640669675e-01
8.174269725582342661e-01
1.064173867949362168e-01
1.407191906545681992e-01
2.300400578176707844e-01
2.092898409070738652e-01
1.842924415022312346e+01
1.621162512211170181e+01
2.207099552080233451e+01
2.103595661503695524e+01
1.043893755057216310e+01
1.007642256540046155e+01
1.439747926090886665e+01
1.318067485433698494e+01
4.127426500227203698e-01
6.860399371031515869e-01
1.090977977402309396e+00
8.973995163817639620e-01
1.420944691204458488e-01
2.165122123471174276e-01
2.747799035866073658e-01
2.313330688023487458e-01
1.939517903369185703e+01
1.837245293738661189e+01
2.306117845773288266e+01
2.169568446559103592e+01
1.106388673404576117e+01
1.227424395326042550e+01
1.561743975681507202e+01
1.373160918473548087e+01
5.533861282607887011e-01
2.497426528056528316e-01
1.181210352855938561e+00
9.232726221098513930e-01
1.674953129389800677e-01
1.571055432756256753e-01
2.953529527953958622e-01
2.471871312156963818e-01
1.886761719278458571e+01
1.908843200587874733e+01
2.271837738043602073e+01
2.191117022940238002e+01
1.163846988116813641e+01
1.272804938552532583e+01
1.472201123744965479e+01
1.401474757937134363e+01
6.157180215892797959e-01
6.456868274007495634e-01
1.240314294929747874e+00
1.021281168907954173e+00
1.457510391800659610e-01
1.692412971517337772e-01
3.154886475367040255e-01
2.618325790871042225e-01
2.039796739584431151e+01
1.797659635812905066e+01
2.301873091785668990e+01
2.115530297265159376e+01
1.244848521602012426e+01
1.048266698303659261e+01
1.591100859609510820e+01
1.459085553289029669e+01
6.392227699763466386e-01
6.190275602928675402e-01
1.220676834934211863e+00
9.882179625090344866e-01
1.948837437794305461e-01
2.126145346700390737e-01
3.129199722746096035e-01
2.564188923846165147e-01
2.146313742611719633e+01
2.022022162722846517e+01
2.253705072953557220e+01
2.182759459109054490e+01
1.337994441133788825e+01
1.143138298577239809e+01
1.593403922668169947e+01
1.432486098036738120e+01
8.646413497023816008e-01
7.390857301952622471e-01
1.209931957765255861e+00
9.579425265966301506e-01
2.548293238270304406e-01
1.628318906208938432e-01
3.044911734982114204e-01
2.427053491943805541e-01
2.205571831744276068e+01
2.085342058651119856e+01
2.273667144339446011e+01
2.139562104523513852e+01
1.404436988332513181e+01
1.284625299986785585e+01
1.592245653893149182e+01
1.444163246990861182e+01
9.394284384466906612e-01
1.501491010931070624e+00
1.458624449202860829e+00
1.471490226410024471e+00
3.871187134135098407e-01
3.027451291154671376e-01
5.349401565551623605e-01
5.683180020024132251e-01
1.989470517184803100e+01
1.879382353165260966e+01
2.082816645969262481e+01
2.074042237019595802e+01
1.395578831223998328e+01
1.615370606281974375e+01
1.693096661227527377e+01
1.578576151993150312e+01
1.054393614697512138e+00
5.848527734397258593e-01
1.785284204248542173e+00
1.806466718589881282e+00
3.406335146194329755e-01
5.300083090823032306e-01
6.289964880347411746e-01
6.485256855622184569e-01
1.891999727383675634e+01
1.991239223254009261e+01
2.189668754897926917e+01
2.150012158906574555e+01
1.385571106039381739e+01
1.655104692596605176e+01
1.771932361934867117e+01
1.620334368440526873e+01
8.874342117820960274e-01
1.400481052762612366e+00
2.294950710713213660e+00
2.037206806718616647e+00
3.935520257369862218e-01
5.401879370212229192e-01
7.537220347030817447e-01
7.521056845054000517e-01
2.025911591005556289e+01
1.592737896015778354e+01
2.312100454415924844e+01
2.238926518204417704e+01
1.456581951565666344e+01
1.388781180410589222e+01
2.001692097202892739e+01
1.755499681842800896e+01
1.232768822053723623e+00
6.425432439040286159e-01
2.611142595200267813e+00
2.149851859640489415e+00
4.424667848830947103e-01
5.299628210303088949e-01
8.690288096525409234e-01
7.596410301433034196e-01
2.070881592762386347e+01
1.832138211849801124e+01
2.170488690453493064e+01
2.180706676270361655e+01
1.502288522623454092e+01
1.585538560632027050e+01
1.894286901546706048e+01
1.758337517294619801e+01
1.463419759315630175e+00
1.774733440507181292e+00
2.850767798444036494e+00
2.434723489437302213e+00
5.366715080016991601e-01
7.387987813206297050e-01
9.684133285835885285e-01
8.129765268656208299e-01
2.149926114570817859e+01
2.021133657085128021e+01
2.144824688321537565e+01
2.199484410632748066e+01
1.621086804703296380e+01
1.519309044142968546e+01
2.062779211710666161e+01
1.813012393161319480e+01
1.688971975310479934e+00
8.069897739175758700e-01
2.981014200203038200e+00
2.439855327961015341e+00
6.428892763415323675e-01
5.418948989375964587e-01
1.011882092053117521e+00
8.559198020284165542e-01
2.163903735849106269e+01
2.009761318009906361e+01
1.988749447425341899e+01
2.075786122855581084e+01
1.691221592105833338e+01
1.384656516918073343e+01
1.919743730268421089e+01
1.825392366867719574e+01
1.643954712863602952e+00
2.146963237921256873e+00
3.058273379200790565e+00
2.675040431249039230e+00
5.771874965927948908e-01
5.451459535077236573e-01
1.060295327759089412e+00
8.896102564302184046e-01
2.217036139495414915e+01
1.944113399200126935e+01
2.015697089209688642e+01
2.009788695460494878e+01
1.899435618556060845e+01
1.271683933506369080e+01
1.993819152155429819e+01
1.827948749350045077e+01
2.006756614448566012e+00
2.019065919498573614e+00
3.017534757022003689e+00
2.528023347685287803e+00
7.804396922701597461e-01
7.519581305718551212e-01
1.056111333683176001e+00
8.568008807216908052e-01
2.246868169401684057e+01
2.301487390659121601e+01
1.963384037441101881e+01
1.978830291760384341e+01
1.809997706547166274e+01
1.242988606786705752e+01
1.913034525530056129e+01
1.868130367768056743e+01
2.494584054204609824e+00
1.940250794427173631e+00
3.015896419421691732e+00
2.525987108823273264e+00
8.755791940099217907e-01
6.906199376723187733e-01
1.033020262603844053e+00
8.497537285368174098e-01
2.212728314451095812e+01
2.251888294396960788e+01
1.946436653025294561e+01
2.004704895096966055e+01
1.854559074929666096e+01
1.638043056153695431e+01
1.867319918266652934e+01
1.882872823756273917e+01
2.902350027748249239e+00
1.899319033096950493e+00
4.344414951285026305e+00
4.249728380737245459e+00
1.414438541104960256e+00
1.126372106554821784e+00
1.984453472532988982e+00
1.982208549969617151e+00
1.306692847274702274e+01
1.211071026046180243e+01
1.376475349272330639e+01
1.345889609160141553e+01
1.208065760162572211e+01
1.237257882178075263e+01
1.559911806793468614e+01
1.322700156277411132e+01
3.166013965122923768e+00
1.650635347325837055e+00
5.256908910616692410e+00
4.865256307815500669e+00
1.351429448043631965e+00
1.752552311653166939e+00
2.358507272398134624e+00
2.250487388128461053e+00
1.263312996262074073e+01
1.254278083703843549e+01
1.437672985780838886e+01
1.383262619421395279e+01
1.160188195911676523e+01
1.534087809667606983e+01
1.504132623193328300e+01
1.358350107673458496e+01
2.742498030227556782e+00
4.039710970501118936e+00
5.994130213963591025e+00
5.192343355331165533e+00
1.507337684343956985e+00
1.759696385059578594e+00
2.600946634295348225e+00
2.466626304156905647e+00
1.233708917125479054e+01
1.108699385779000757e+01
1.366871326895990002e+01
1.405195469631000904e+01
1.223344855671208542e+01
1.036719756814289362e+01
1.516160113492139239e+01
1.428196606528390511e+01
3.035333677930553531e+00
1.855789006012352083e+00
6.374599983409009241e+00
5.324421703451964305e+00
1.645982835264607536e+00
1.959267538245579976e+00
2.775229444445273419e+00
2.482028962640874248e+00
1.323252239812330622e+01
1.055761958168310954e+01
1.183211836169281206e+01
1.242967991430329278e+01
1.220869644866720094e+01
1.486944560281865968e+01
1.411918057956823880e+01
1.360433252639517754e+01
4.322538243729953322e+00
4.723030183158236639e+00
6.745674053364168365e+00
5.775663794381530991e+00
1.918729312385562435e+00
2.283376909237163854e+00
3.054609547371223588e+00
2.533757740375707890e+00
1.341507030512224397e+01
1.446246916987836961e+01
1.071842287307943664e+01
1.266385776842140665e+01
1.318091874547966214e+01
9.677313898766906064e+00
1.579027509759440129e+01
1.374091765377364815e+01
4.818879213715722365e+00
2.534507844070887028e+00
6.870073437259335059e+00
6.057488934316037188e+00
2.384497170606953098e+00
1.901696969502806311e+00
3.061868500585262609e+00
2.694862491954161055e+00
1.361813852795053492e+01
1.441519562404578458e+01
1.037865359996694359e+01
1.122188979163169975e+01
1.474538203865755825e+01
9.520412372418883606e+00
1.420337533332311608e+01
1.384547427596185898e+01
4.892770964498199149e+00
5.401937498041998964e+00
6.917589969651261050e+00
6.464157899191838474e+00
2.120459118629703266e+00
2.054675079494176160e+00
3.239436987259929346e+00
2.726710034397097804e+00
1.371615034188948457e+01
1.352672693731125442e+01
1.009765686434129606e+01
1.029805465353127758e+01
1.562656058948717686e+01
1.123836526148011039e+01
1.437910046378476459e+01
1.372044072782796675e+01
5.796543393013782186e+00
5.181745357324512469e+00
6.872815037216314593e+00
6.141089644090756750e+00
2.780789242463992839e+00
2.581506107172800490e+00
3.245352889208388714e+00
2.706136626806451506e+00
1.236827924735015216e+01
1.386587898948456044e+01
1.001398156210921542e+01
1.054795300051256213e+01
1.423974717889259978e+01
1.070053584739689967e+01
1.375743076397881026e+01
1.396433270457674958e+01
6.334602661881811869e+00
5.121696551681749199e+00
6.871347350164009882e+00
6.022418361909231521e+00
2.863360774688336274e+00
2.296096561902786881e+00
3.164610563047093983e+00
2.668390048388166846e+00
1.215332509959249663e+01
1.193220557795396886e+01
9.856318566641235179e+00
1.188202950821846926e+01
1.394813721827819997e+01
1.724318426561016082e+01
1.279338330453487416e+01
1.401500554358868555e+01
8.446180551053306118e+00
4.871801004415056369e+00
1.228634357780241793e+01
1.140286121416101217e+01
4.057262205381696241e+00
3.539573300286733115e+00
6.729884990961412683e+00
6.264148408699401926e+00
7.890367817259710037e+00
8.331355827870481789e+00
8.994306394223954726e+00
8.846845572008325220e+00
9.267459421968990085e+00
8.048691658205580524e+00
1.295490528178327061e+01
1.078866468338080864e+01
9.071601975173960497e+00
4.402559189034029430e+00
1.327031003282645472e+01
1.195377043107185067e+01
5.028065764075125621e+00
5.603151816546174224e+00
7.446609490666403097e+00
7.006870303363102792e+00
7.690176671688553789e+00
8.072942744896517198e+00
7.897331951001630657e+00
8.316902635625600837e+00
9.272909162875690114e+00
1.341312550672176940e+01
1.061121653808178955e+01
1.067480148787233496e+01
5.055482534839136122e+00
1.063283851653704026e+01
1.368321170923608676e+01
1.238890202326438050e+01
5.465953691768477007e+00
5.475835843776718725e+00
7.667831657157467617e+00
7.581462217191795361e+00
7.761265640119256126e+00
7.350095221811938195e+00
7.173229390311644416e+00
7.702971337521501205e+00
9.832874736307099184e+00
8.547378853831391510e+00
1.072364591867253836e+01
1.041547981422947444e+01
8.730010239297859798e+00
4.905266957642981041e+00
1.409063531326019714e+01
1.190104270340725989e+01
5.905776754740016621e+00
5.969351793046414834e+00
8.318953006962500396e+00
7.315886162040131424e+00
8.675318420231038274e+00
6.682970578960643948e+00
6.171353825822199823e+00
6.443986466245744893e+00
9.809695946877123873e+00
1.310700315323866683e+01
9.832255182416060890e+00
1.010467764870069907e+01
1.257794994520329368e+01
1.185245208391892469e+01
1.443346440419280086e+01
1.322489766700496538e+01
5.834144924404310650e+00
7.958798677927656939e+00
8.461096527864979677e+00
7.432861811473986613e+00
8.035605183544376473e+00
9.831045643352988250e+00
5.355318982329656308e+00
6.885720984660570032e+00
1.062952238126104376e+01
9.205335157569180637e+00
1.011669102317464741e+01
9.354417992185718234e+00
1.061258054551565877e+01
6.240499865170258786e+00
1.438385470414780087e+01
1.298965780146012960e+01
7.921149093629196614e+00
5.927649115792930523e+00
8.547935437146557902e+00
7.455446430817651127e+00
7.973520464229460813e+00
7.876370963722415297e+00
4.786824982496815650e+00
5.918250247130520947e+00
1.113832939111602016e+01
6.944185600997522023e+00
7.470540321054675026e+00
1.064410072780653316e+01
7.178143374539202703e+00
1.616195911436379973e+01
1.426962893455004533e+01
1.467702562166376978e+01
6.936797591131150575e+00
7.014524781317411417e+00
8.786255914858424276e+00
7.812587091611700174e+00
7.273054504824183475e+00
6.423696133841654721e+00
4.934629250124575428e+00
5.695780320966663979e+00
1.159470888569154745e+01
1.110034881618625491e+01
9.942162691131567698e+00
9.728846861036693383e+00
1.508262572534736812e+01
1.391543469535181288e+01
1.458469081301784165e+01
1.328343996116083758e+01
8.142495274685078499e+00
7.268841873458089076e+00
8.658191514221650564e+00
7.806300641390750528e+00
6.283029119014255315e+00
7.930246237384901420e+00
4.887492512219288265e+00
5.853967096177322027e+00
1.003513323795266210e+01
7.643476773304350047e+00
9.869616793910749308e+00
1.017460684528781556e+01
1.575297104569854056e+01
1.254057675198987098e+01
1.424159707637092787e+01
1.385288424152581932e+01
8.537852758469989922e+00
4.880086319884134660e+00
8.805035626415008920e+00
7.578919965639365763e+00
6.533000043371061771e+00
6.922946407413416381e+00
4.798362341900507921e+00
6.185522523189144195e+00
9.762265879526799139e+00
1.528279895626511831e+01
7.978171277500762493e+00
9.723882001404335895e+00
2.058998114155001602e+01
1.227232332025605288e+01
2.784087358070652485e+01
2.854537981131095492e+01
1.323092743494702539e+01
5.304975924308528157e+00
2.045270553404810698e+01
1.697480056454777397e+01
4.645917610866134417e+00
4.758950590092719146e+00
4.902807419323967686e+00
4.710177101047500869e+00
7.246382347661723067e+00
4.716028604816695058e+00
7.968948834257533420e+00
7.752178341336719569e+00
2.153218182336376785e+01
1.241271263801617053e+01
2.860425658024336570e+01
2.601433436803946719e+01
1.693711051882858243e+01
1.667666999885171819e+01
2.065936199337787116e+01
1.943399108843709300e+01
4.756740616042196557e+00
4.519831034367260969e+00
3.978009140144673328e+00
4.539699298462754662e+00
6.970376186301376009e+00
8.955297277580932302e+00
5.530775606601452843e+00
7.073295522240845123e+00
1.256418291695154821e+01
2.666139715104445429e+01
2.804983385223563985e+01
2.256215057163048954e+01
1.815480345976381216e+01
1.721256672452097547e+01
2.116728065906518097e+01
1.978185292817174457e+01
4.436701498812594124e+00
4.686603300337016442e+00
3.385135724418018022e+00
3.879526191336096108e+00
7.276810861037532163e+00
7.815748986431864331e+00
7.523620469217017437e+00
7.171154809080690029e+00
2.451985903865197614e+01
1.356632435270009118e+01
2.779191916430055187e+01
2.212097038172295171e+01
1.714917244107434868e+01
1.896558537894436824e+01
2.073359979859316482e+01
1.800147277639956300e+01
5.049364321295160885e+00
2.783429077764038251e+00
2.844591011359998145e+00
3.488305120621939981e+00
6.915943872248402791e+00
9.831957830764135764e+00
6.047565620212329129e+00
6.678516846389152661e+00
3.485449237850381365e+01
3.602658738413418149e+01
2.799355503790954813e+01
2.630481008396066400e+01
1.688332719545827842e+01
2.146428839298454250e+01
2.179356779256640664e+01
1.916608167229837889e+01
4.880184116030986452e+00
6.424411932407511294e+00
2.513347836048121842e+00
3.183277935156439753e+00
7.011485135656456258e+00
8.364644665284290070e+00
5.882673698782811655e+00
5.768208457433630088e+00
1.756190838615864536e+01
1.488504411588829157e+01
2.852412242160761835e+01
2.653458235449935287e+01
1.763439875050748995e+01
1.934329792712975049e+01
1.945430730228516225e+01
1.841804417475815470e+01
4.286605790368283486e+00
5.054949534567955816e+00
1.985525262274899561e+00
2.510846542378763147e+00
7.821439229186581521e+00
6.121347252821990992e+00
4.630555892564764520e+00
7.079875799969443939e+00
1.866062994949511022e+01
0.000000000000000000e+00
2.773370917453646811e+01
3.205748289261745043e+01
1.922803585826283168e+01
2.127623196716294629e+01
2.109869974365919632e+01
1.984135012624260241e+01
3.657116317907211922e+00
3.988320267531017649e+00
2.289227540831325847e+00
2.917905066206092801e+00
6.918227308253477759e+00
5.265822063430176669e+00
6.890385732604593194e+00
6.348572172012993065e+00
3.115297779375665144e+01
3.575990121719122783e+01
2.789670099175095785e+01
2.924240077798518200e+01
1.967409663252117724e+01
2.042028784676426056e+01
2.098295270058073925e+01
2.009601847943572750e+01
3.471837606564005085e+00
4.019419452112947155e+00
2.325066603575790314e+00
2.849658393455263727e+00
7.156244173019953081e+00
4.468290606151797739e+00
5.944387320659747509e+00
6.655235579879500207e+00
3.004291500167695972e+01
3.304115054309420429e+01
2.736174151386835263e+01
2.756141575209464634e+01
1.978212987454055494e+01
2.165129781051253133e+01
2.218233796935477997e+01
1.884121464294862847e+01
3.058689049257087955e+00
3.737166954573866384e+00
2.017669099195920079e+00
2.879780087003064093e+00
6.058253804183599378e+00
1.155134323872249169e+01
5.433809039442084377e+00
6.176827150620324502e+00
3.383000703244309904e+01
1.427526103024517390e+01
2.135716980562368761e+01
2.424085158161809872e+01
1.728083458179437670e+01
6.832998195880006342e+00
2.182332867111535535e+01
1.843907569412428771e+01
4.233505794301284375e+00
4.027083258286884515e+00
3.580196818702654493e+00
3.957400717499675036e+00
8.175234247466470094e+00
6.035829048474642633e+00
7.249482172691060988e+00
7.772102467975336992e+00
1.556357764813681932e+01
1.467806529029587814e+01
2.116699573102201981e+01
1.881534497216798130e+01
2.265292635029588197e+01
2.112313115485708437e+01
1.898307591471995792e+01
2.021814125848899124e+01
4.280550998543851904e+00
3.251342472573607978e+00
2.730659223613399966e+00
3.385002947744538915e+00
7.758100745781137952e+00
1.146297109703032824e+01
4.925912750784033456e+00
6.807984314720012975e+00
6.642774367602887864e+00
0.000000000000000000e+00
1.987251199032306204e+01
1.794275186135025990e+01
2.143676416509513416e+01
1.619616173749358268e+01
1.970711592013310565e+01
1.853858649576808659e+01
3.793523723753380317e+00
4.472074690095758420e+00
2.475131773135625046e+00
2.522574010401433586e+00
8.148871565433845277e+00
4.235232131502141506e+00
7.366506537169589919e+00
6.991046178586862503e+00
2.437459583182041456e+01
1.614179290144769752e+01
1.865620405693276140e+01
1.828529324817122514e+01
1.273244124323505311e+01
2.397839897158574729e+01
2.128861904628720936e+01
1.705843733914477056e+01
4.406633337620053936e+00
2.090036775668441038e+00
2.089348408007762448e+00
2.659166727147322717e+00
6.369433223697225976e+00
1.440373370833276034e+01
5.352685551869545755e+00
6.303323220630937307e+00
2.536061426739837188e+01
0.000000000000000000e+00
1.909714756145616832e+01
1.973420210787967832e+01
1.918224858447165815e+01
1.855735073782001976e+01
2.070620669569069605e+01
1.705964029401347304e+01
3.661806485858591476e+00
5.298493194031937747e+00
1.791992908517750616e+00
2.254821636521791905e+00
6.721289500372774839e+00
1.093068196945083770e+01
5.405980270285354550e+00
5.542888580113237929e+00
1.052968878849355683e+01
1.684666277902296372e+01
1.948394494524822207e+01
1.697394489487054514e+01
2.075915388703735331e+01
2.395670402523886011e+01
1.752087806508534129e+01
1.833024840464364402e+01
3.083354877078029244e+00
4.218852290754594669e+00
1.481480267928111383e+00
1.720801851644651492e+00
7.503838632240241502e+00
4.853024037224405340e+00
2.584304058408120497e+00
6.502512512444839743e+00
2.058787712965883188e+01
0.000000000000000000e+00
1.960869232621861613e+01
2.549478785229555911e+01
1.984476567416777470e+01
1.701972123295270123e+01
1.764431447913202788e+01
1.852910213596530653e+01
2.752470371802159477e+00
2.771529548318263370e+00
1.477899774879124495e+00
2.143727192908840617e+00
6.746882856524089256e+00
5.138735519049669520e+00
6.034321672696616901e+00
5.659885804270477827e+00
1.377483144412739513e+01
1.974264254677185093e+01
1.830428305080544149e+01
1.747374981568097851e+01
2.088441834130610886e+01
1.846715528091162994e+01
2.052673890326783379e+01
2.006449181441842811e+01
2.328101273190102738e+00
3.255581196526803112e+00
1.663827409631060128e+00
2.075287156750131423e+00
7.614885475413855076e+00
5.812740288417916901e+00
5.646605351509424331e+00
5.889274739617216703e+00
4.139088713754502180e+01
3.935149093726624869e+01
1.778433694394297149e+01
2.103809372953250900e+01
2.146510874356480869e+01
2.630305948130265037e+01
1.862507676023084358e+01
1.802961699236491810e+01
2.258801051561076356e+00
2.521935162441288902e+00
1.398547504817529985e+00
2.301657560539404734e+00
5.591351216818888581e+00
1.338024074904967087e+01
4.808668937527022180e+00
5.823690375393946184e+00
8.680718320829280188e+00
1.651356360110987964e+01
1.480148129089232434e+01
2.001569619971172642e+01
2.174771783828644445e+01
8.429850471460005323e+00
1.918974031805056768e+01
1.750553939921950786e+01
3.500213188132433650e+00
3.044707766986870734e+00
2.382037942875575354e+00
2.990219791722974030e+00
8.237701948955722386e+00
7.549116909631775840e+00
6.075034742498874429e+00
6.746596748987197856e+00
1.462326461662405030e+01
1.717294672412249668e+01
1.408065683026003079e+01
1.208244438775470542e+01
2.562376547326687160e+01
1.331081690855920918e+01
1.542443987106978831e+01
1.687838107520196118e+01
3.589874304342191458e+00
2.790281999571716298e+00
1.738335821554133132e+00
2.028188269548722555e+00
8.601973760847590356e+00
1.200570607213452767e+01
4.181937673477977846e+00
5.548589525727261496e+00
0.000000000000000000e+00
0.000000000000000000e+00
1.184510735984587271e+01
1.207452588506644986e+01
2.075011215531284137e+01
9.067048632855781776e+00
1.584247240038971505e+01
1.843839804775879188e+01
2.551888516994470280e+00
3.666041158298811276e+00
1.603170016512218021e+00
1.462983631198265355e+00
8.192995088624885014e+00
5.340827904699151141e+00
5.822456405487066888e+00
6.181813717357991678e+00
1.398461172412336317e+01
1.820807860381811238e+01
1.181503336390288439e+01
1.239744821699673949e+01
1.262074383470287309e+01
1.399321058124392891e+01
1.683294272367286482e+01
1.590801198901899127e+01
3.368367595526700953e+00
1.685521771590595241e+00
1.398424497235480013e+00
1.758918254946551851e+00
4.664799026297685280e+00
8.192798373263787681e+00
4.501450515754334525e+00
5.174928559699016439e+00
2.801181836889377408e+01
0.000000000000000000e+00
1.237637707394516440e+01
1.187753175808725636e+01
2.189323407547320599e+01
3.235141033447415992e+01
1.948627504044570458e+01
1.576728892036318541e+01
2.750286609128333559e+00
3.782953066531994590e+00
1.093833109886003241e+00
1.632604197000475654e+00
5.527244894152986809e+00
1.318873077077146228e+01
4.549010256901774518e+00
4.969330030392897335e+00
1.140300245757808284e+01
2.165270492197340246e+01
1.262586574550264018e+01
1.364329344508401753e+01
1.253460147460891960e+01
1.967452859590806824e+01
1.522130988454020617e+01
1.516389494369112079e+01
2.179485552887293842e+00
3.181076995426770360e+00
9.444424564754589912e-01
1.144819842595789616e+00
7.486769475874311297e+00
3.514985657596197743e+00
1.739058865002414356e+00
5.449402801064755941e+00
2.700715190054896198e+01
0.000000000000000000e+00
1.262096746886945553e+01
1.461256604470266929e+01
1.698777853703831653e+01
1.616950365264606404e+01
1.528925055150183709e+01
1.703173856933848285e+01
2.087669443535511871e+00
1.631125264537588659e+00
1.070280789819903156e+00
1.484719498895111345e+00
5.155317030818303614e+00
2.883349713070200604e+00
5.166496877731032278e+00
5.194031385618520069e+00
8.997289393376181721e+00
0.000000000000000000e+00
1.191255039558238771e+01
1.347121718840073790e+01
6.853663409479899826e+00
2.152825740800007281e+01
1.831046935198664016e+01
1.803980887397976218e+01
1.771902754780654288e+00
2.250837734956459890e+00
1.199373592620870621e+00
1.217977653644200409e+00
6.018988675287810786e+00
8.333255895154895398e+00
5.077032302920763129e+00
5.032417407154236244e+00
4.515859432579245691e+01
2.136708263094712379e+01
1.199673773716870251e+01
1.876698629524103268e+01
1.555973061627792475e+01
3.119766524630226456e+01
1.524688640662441763e+01
1.440821829748919036e+01
1.395724050043020803e+00
1.711822724291767406e+00
8.884476136599960272e-01
1.731443744496357073e+00
4.346522504810108600e+00
8.018616398621999153e+00
3.654746543064331998e+00
5.180648345055325343e+00
0.000000000000000000e+00
1.892385974489966571e+01
8.987896399661449820e+00
1.226781992061216719e+01
1.376983164208672861e+01
1.024023653095286157e+01
1.460557701097754801e+01
1.236320945069985733e+01
2.911329894773929006e+00
2.587932085782559177e+00
1.598130562211425909e+00
1.610681274257786511e+00
7.863530903347891510e+00
5.013903442214374451e+00
4.370913552673202140e+00
6.107512415698125530e+00
1.819370069579438365e+01
0.000000000000000000e+00
9.334994672536904403e+00
8.528969077928101328e+00
2.047762664075886363e+01
1.846798115417017172e+01
1.292185391376262693e+01
1.572320871308100187e+01
2.323336493337142539e+00
1.852455692320965408e+00
9.962900507129404115e-01
1.268120038188813803e+00
7.394531549878952781e+00
1.440294912781713954e+01
2.720282254349628559e+00
4.847815723172344882e+00
0.000000000000000000e+00
0.000000000000000000e+00
6.414698558394905881e+00
7.554322258843535032e+00
1.843687868771273841e+01
1.056049031209284728e+01
1.361443110876778206e+01
1.558599989468447156e+01
1.655827787607279333e+00
2.872164677294320789e+00
9.361490561163594570e-01
1.130161095020576489e+00
6.352027172559986390e+00
0.000000000000000000e+00
5.227838530516854654e+00
5.261154211312230267e+00
8.086357108144902384e+00
2.319630438064868727e+01
6.616152006368608340e+00
6.916639687057372754e+00
8.550969151909539434e+00
0.000000000000000000e+00
1.372933590529678405e+01
1.057416719825835649e+01
2.050179533096496698e+00
8.916760376969766755e-01
9.129782910243695593e-01
1.316617189558554557e+00
3.226678944816405270e+00
1.064726572293138496e+01
3.649333029275345197e+00
3.781122244051180914e+00
0.000000000000000000e+00
0.000000000000000000e+00
7.463976188144409107e+00
7.882514294553097045e+00
1.206193462356679902e+01
3.653454772444840160e+01
1.296433804663167777e+01
1.190737765636156809e+01
2.047486657400057197e+00
2.168680344855183240e+00
6.387523149708168591e-01
1.165826954102189061e+00
4.447087783187910759e+00
1.194732541974871332e+01
2.937408439241346869e+00
3.777170636394208358e+00
0.000000000000000000e+00
2.334946474976721120e+01
7.572064543955393745e+00
9.339599919669268502e+00
1.086241882697309435e+01
2.293442371708989569e+01
1.155373883325952633e+01
1.292057988949413705e+01
1.556971183756835186e+00
2.598305239160540125e+00
6.065844360562969717e-01
6.555080997452749081e-01
7.384895030151919393e+00
4.029290844909561464e+00
1.232958599143119116e+00
4.014298473541320078e+00
9.717327081365189301e+00
0.000000000000000000e+00
7.577211872381552027e+00
1.028157165100567916e+01
1.551440694778406737e+01
0.000000000000000000e+00
1.095760345636313993e+01
1.391184025347227049e+01
9.831485045672014866e-01
4.703039776897157132e-01
6.763740174297745433e-01
1.207286005614924607e+00
3.086467984245946816e+00
3.644338366783986594e+00
4.119177240509159788e+00
3.942940245533913757e+00
0.000000000000000000e+00
0.000000000000000000e+00
6.644608124469053578e+00
1.087946907899975102e+01
3.926317427331364573e+00
1.239572941509816850e+01
1.171845687295838800e+01
1.574428967600926832e+01
9.589247980399151494e-01
1.406818180756657100e+00
5.621887766194670899e-01
6.055080475168035381e-01
5.793852762993289218e+00
9.397091937703905273e+00
4.153212682123524679e+00
3.902466114116952323e+00
1.221856315559710993e+01
2.324973519411347667e+01
7.148898897880729741e+00
9.887330947892159827e+00
1.561236669057257664e+01
1.768878746447356320e+01
1.109841761866018928e+01
7.522418053649762015e+00
6.761858794877081413e-01
1.752817125894943651e+00
5.114864185731231583e-01
8.386366907068444343e-01
3.846464327988006637e+00
6.136420876088005905e+00
3.010596795558526662e+00
3.799048107875982350e+00
1.460128205647740207e-01
4.394023404607835803e-02
1.048865099384171939e-02
3.804375736375783298e-03
2.008442803803176246e-01
1.811420588271745943e-02
1.562079500842858230e-02
6.869134297270829310e-03
3.341878248695608900e-01
5.061968984333498761e-02
1.742625677881428151e-02
7.467737266132905977e-03
2.231863476092463272e-01
3.306388090858542600e-02
1.699688965210201588e-02
7.539304422542691952e-03
1.359793215492963447e-01
7.734000474418131939e-03
9.730651932166477572e-03
4.263718778912451574e-03
1.394273496426006731e-01
2.297588096074966446e-02
1.530173472720075187e-02
6.377391189266890838e-03
3.003468716325894960e-01
3.921202045548841802e-02
1.586058133221915356e-02
6.539950303712867459e-03
1.980093584522090167e-01
3.775612550678719009e-02
1.578043973715200984e-02
6.855308844833749894e-03
7.377648437500412826e-02
1.702200536516687221e-02
9.247128195424315911e-03
3.788202444228271418e-03
1.332302763150488012e-01
2.034390487255178376e-02
1.389426680917928668e-02
6.103710400338401357e-03
2.471601626182885481e-01
3.140553097350006623e-02
1.343211160507588008e-02
5.328947043797608446e-03
1.791244543638417230e-01
3.006600501496094202e-02
1.491498088769144248e-02
5.750249820913375283e-03
8.662085000201925900e-02
4.646528251630904077e-03
8.430478039894570216e-03
3.206280587955311762e-03
1.124442333619405515e-01
1.472661062536779336e-02
1.313982097052453051e-02
4.935329315139148736e-03
1.894184589763304172e-01
2.282628609516216406e-02
1.079900936850924226e-02
4.060419242677769380e-03
1.501871455013587264e-01
1.972283977351193748e-02
1.276169014192054911e-02
4.796978748095145212e-03
7.518546561957462071e-02
9.481260431942018646e-03
7.821400948675203552e-03
2.574801654183170134e-03
1.004724932173283181e-01
1.414903619307890208e-02
1.234357323217852818e-02
4.238069035848891254e-03
1.442007632676593487e-01
1.709025283872234874e-02
8.877255172357967003e-03
3.124825261580210095e-03
1.241932463520118018e-01
1.600766433119742843e-02
1.117976121576860424e-02
3.927098243266894002e-03
0.000000000000000000e+00
0.000000000000000000e+00
0.000000000000000000e+00
0.000000000000000000e+00
0.000000000000000000e+00
0.000000000000000000e+00
0.000000000000000000e+00
0.000000000000000000e+00
0.000000000000000000e+00
0.000000000000000000e+00
0.000000000000000000e+00
0.000000000000000000e+00
0.000000000000000000e+00
0.000000000000000000e+00
0.000000000000000000e+00
0.000000000000000000e+00
0.000000000000000000e+00
0.000000000000000000e+00
0.000000000000000000e+00
0.000000000000000000e+00
0.000000000000000000e+00
0.000000000000000000e+00
0.000000000000000000e+00
0.000000000000000000e+00
0.000000000000000000e+00
0.000000000000000000e+00
0.000000000000000000e+00
0.000000000000000000e+00
0.000000000000000000e+00
0.000000000000000000e+00
0.000000000000000000e+00
0.000000000000000000e+00
0.000000000000000000e+00
0.000000000000000000e+00
0.000000000000000000e+00
0.000000000000000000e+00
0.000000000000000000e+00
0.000000000000000000e+00
0.000000000000000000e+00
0.000000000000000000e+00
0.000000000000000000e+00
0.000000000000000000e+00
0.000000000000000000e+00
0.000000000000000000e+00
0.000000000000000000e+00
0.000000000000000000e+00
0.000000000000000000e+00
0.000000000000000000e+00
0.000000000000000000e+00
0.000000000000000000e+00
0.000000000000000000e+00
0.000000000000000000e+00
0.000000000000000000e+00
0.000000000000000000e+00
0.000000000000000000e+00
0.000000000000000000e+00
0.000000000000000000e+00
0.000000000000000000e+00
0.000000000000000000e+00
0.000000000000000000e+00
0.000000000000000000e+00
0.000000000000000000e+00
0.000000000000000000e+00
0.000000000000000000e+00
3.744184338806519352e-01
1.255300533148925313e-01
2.370377719698047933e-02
1.253903185303729094e-02
4.480218516734718048e-01
6.737367693670365254e-02
3.159001554271982648e-02
1.949531651409192046e-02
7.022685326155245766e-01
1.434587194401596988e-01
3.371959085066382478e-02
1.987090997211575158e-02
4.967020065706452270e-01
9.034652138216257844e-02
3.511337377347302502e-02
2.036477579396547832e-02
3.275329458561119234e-01
3.255524295481365682e-02
2.220224245356465509e-02
1.348952066403364541e-02
3.080651299826444589e-01
8.105659250287333695e-02
3.196737482119984403e-02
1.884362339966984962e-02
6.744437499210330644e-01
1.146043096994116273e-01
3.249536654435786903e-02
1.863159897125837156e-02
4.548671985864407019e-01
9.740906412345268217e-02
3.356182726075137429e-02
1.946226962414209991e-02
1.843563317855462513e-01
5.117013162716666647e-02
2.123309995591152188e-02
1.160522780695772554e-02
2.710656812203965926e-01
6.113362545478504689e-02
2.967813321795903861e-02
1.763204073884648213e-02
5.777686593448769781e-01
1.018680367832397043e-01
2.905551916735744228e-02
1.597715792531260656e-02
4.144759945387398448e-01
8.758762718329261843e-02
3.190594097502844756e-02
1.692876073739340431e-02
2.226921306936987810e-01
1.394916983977725726e-02
1.981273194994774903e-02
1.005052752798693376e-02
2.471719971667390991e-01
4.444789142721536357e-02
2.860215530339794976e-02
1.437321053738425600e-02
4.910100758082759365e-01
8.016175310061102177e-02
2.564809763118938019e-02
1.329735794332643183e-02
3.606991169307793288e-01
6.744972979308315464e-02
2.926328902776637042e-02
1.494582625194489436e-02
1.851995405175544673e-01
4.917541797464104747e-02
1.860545704260307964e-02
8.574267148485806983e-03
2.372553398725346652e-01
4.392949109554967341e-02
2.698401592023961029e-02
1.291733537968725413e-02
3.761078808247124705e-01
6.143206369928264771e-02
2.114953763033779188e-02
1.043143416030121312e-02
3.035417427135764790e-01
5.450248293676314415e-02
2.573587009142767196e-02
1.237497317500952515e-02
1.671741980248616921e-01
1.771524400844417049e-02
1.723716961620638116e-02
7.324823787749675658e-03
2.170146870617628287e-01
3.762270590984855001e-02
2.582913810819202974e-02
1.121238727306599937e-02
2.908194674527692647e-01
4.431312834068051182e-02
1.849530904569031409e-02
8.436740950043614823e-03
2.586954651196592958e-01
4.200747338397554237e-02
2.318618565455301747e-02
1.046447277569958513e-02
0.000000000000000000e+00
0.000000000000000000e+00
0.000000000000000000e+00
0.000000000000000000e+00
0.000000000000000000e+00
0.000000000000000000e+00
0.000000000000000000e+00
0.000000000000000000e+00
0.000000000000000000e+00
0.000000000000000000e+00
0.000000000000000000e+00
0.000000000000000000e+00
0.000000000000000000e+00
0.000000000000000000e+00
0.000000000000000000e+00
0.000000000000000000e+00
0.000000000000000000e+00
0.000000000000000000e+00
0.000000000000000000e+00
0.000000000000000000e+00
0.000000000000000000e+00
0.000000000000000000e+00
0.000000000000000000e+00
0.000000000000000000e+00
0.000000000000000000e+00
0.000000000000000000e+00
0.000000000000000000e+00
0.000000000000000000e+00
0.000000000000000000e+00
0.000000000000000000e+00
0.000000000000000000e+00
0.000000000000000000e+00
0.000000000000000000e+00
0.000000000000000000e+00
0.000000000000000000e+00
0.000000000000000000e+00
0.000000000000000000e+00
0.000000000000000000e+00
0.000000000000000000e+00
0.000000000000000000e+00
0.000000000000000000e+00
0.000000000000000000e+00
0.000000000000000000e+00
0.000000000000000000e+00
0.000000000000000000e+00
0.000000000000000000e+00
0.000000000000000000e+00
0.000000000000000000e+00
8.960719841263531382e-01
3.647935033824116768e-01
4.121151243142669784e+01
2.557323246351653623e+01
1.087727617434560257e+00
2.013111839232548661e-01
3.752114642683961421e+01
2.379620558576503697e+01
1.428680891135703623e+00
3.752913817622245407e-01
4.784510405146944123e+01
3.139340109121905442e+01
1.041107885376156394e+00
2.639294283106633499e-01
4.225183992114113352e+01
2.652803443790222460e+01
8.029984649617051273e-01
1.090577442882222775e-01
3.914041216295159131e+01
2.457348641812282608e+01
7.488096472517626889e-01
2.315355718678681340e-01
3.684223913112171545e+01
2.214572370765052156e+01
1.430301033114635301e+00
3.253281119330218574e-01
4.798091671792420243e+01
3.123322118536113834e+01
1.017924656210091872e+00
2.862999080719770273e-01
3.984850947908021368e+01
2.631282709620828797e+01
5.284346216917648054e-01
1.805128602845346153e-01
3.839603061979332210e+01
2.303037175015639448e+01
6.335687261541392834e-01
1.964268931347219749e-01
3.664695619632531276e+01
2.230223259725542917e+01
1.303667284226803114e+00
3.084461849448842385e-01
4.755937776257812999e+01
3.081376339038522616e+01
9.589479866414380993e-01
2.419070673469443655e-01
4.214533986124494902e+01
2.576525991718817821e+01
5.647379971454775660e-01
5.493945693801085411e-02
3.821846984479608267e+01
2.258830057892769361e+01
6.021569042314126596e-01
1.474108827382021314e-01
3.700536439249946596e+01
2.160925888047313848e+01
1.155948783678328651e+00
2.604275344749079624e-01
4.637882118517610053e+01
2.939755747396828056e+01
8.568780640920290459e-01
2.185124727233693775e-01
4.139450877870164902e+01
2.486698747764155826e+01
4.410582312452633325e-01
1.611722400709148517e-01
3.775096154967849316e+01
2.168817140194098414e+01
5.801424484592460074e-01
1.426194166572148925e-01
3.634544365611301231e+01
2.118250431443558668e+01
9.668173743037818957e-01
2.068451686273014012e-01
4.422260503308135782e+01
2.751236666457953106e+01
7.304801516718318899e-01
1.613585343151326679e-01
4.003857356833665904e+01
2.377303789173242521e+01
4.665449066590832139e-01
6.462519618573558944e-02
3.757644041660329037e+01
2.107722726175160943e+01
5.442419901808454030e-01
1.061590169822767687e-01
3.661844346334833489e+01
2.061100409052290061e+01
7.524253454697313881e-01
1.585370441136799147e-01
4.097418348091093776e+01
2.497058268811375115e+01
6.352908469903212341e-01
1.301063772668326901e-01
3.845816568661694390e+01
2.261505468246335937e+01
3.831001287010220580e-01
7.513197210195650400e-02
3.750166852098713832e+01
2.063926000673702532e+01
4.790851474665254184e-01
1.028945671511504040e-01
3.662158189449613133e+01
2.051527546963844983e+01
5.965075292732557877e-01
1.174866462309439030e-01
3.928210546101182388e+01
2.328374651679832397e+01
5.481708275265027019e-01
1.128494524802468174e-01
3.786943761416661403e+01
2.178517753184133099e+01
0.000000000000000000e+00
0.000000000000000000e+00
0.000000000000000000e+00
0.000000000000000000e+00
0.000000000000000000e+00
0.000000000000000000e+00
0.000000000000000000e+00
0.000000000000000000e+00
0.000000000000000000e+00
0.000000000000000000e+00
0.000000000000000000e+00
0.000000000000000000e+00
0.000000000000000000e+00
0.000000000000000000e+00
0.000000000000000000e+00
0.000000000000000000e+00
0.000000000000000000e+00
0.000000000000000000e+00
0.000000000000000000e+00
0.000000000000000000e+00
0.000000000000000000e+00
0.000000000000000000e+00
0.000000000000000000e+00
0.000000000000000000e+00
0.000000000000000000e+00
0.000000000000000000e+00
0.000000000000000000e+00
0.000000000000000000e+00
0.000000000000000000e+00
0.000000000000000000e+00
0.000000000000000000e+00
0.000000000000000000e+00
2.155436414795174116e+00
9.962650393503644786e-01
2.293666291366891841e+01
1.926715396217096554e+01
2.366179264677146232e+00
6.114833109782334963e-01
2.153873597365147319e+01
1.959157039672754053e+01
2.769572458146245975e+00
9.539576670237870371e-01
2.283875827113313406e+01
2.101564968724260396e+01
2.131030764219652873e+00
7.358067686245964856e-01
2.444097587536418814e+01
1.927572311711930553e+01
1.911668546728051865e+00
3.415549972402752155e-01
2.282580433303885670e+01
1.806331202822049775e+01
1.434395113619959305e+00
6.986935742730823184e-01
2.537491556330178355e+01
1.690281332017390170e+01
2.823018192766642898e+00
8.191446908003646721e-01
2.265673917642153867e+01
1.984981390834417070e+01
2.114373059602960403e+00
6.808567041216687654e-01
1.865712061518867060e+01
1.878436585216925891e+01
1.303228209332094156e+00
6.499038641811616390e-01
2.125864982341327547e+01
1.961741514339308523e+01
1.454327647477121177e+00
5.374474967864121266e-01
1.887335132944079419e+01
1.745833442466376795e+01
2.738610194435719070e+00
8.475852917125079600e-01
2.326675099861386187e+01
2.056592454337106446e+01
2.089429947787069253e+00
6.769888541957962413e-01
2.270058208362067376e+01
1.864150608180425550e+01
1.352775948591053323e+00
1.795348615522484315e-01
2.221988134630636935e+01
2.139077221923733774e+01
1.411254115389466213e+00
4.496338493522841762e-01
2.167145136611747347e+01
1.631789802445932835e+01
2.521739097328058232e+00
7.500759981867832771e-01
2.396176046759701350e+01
2.151857906514987562e+01
1.938510808234709337e+00
6.330659786467177641e-01
2.375002206657797998e+01
1.892803771488960152e+01
1.117461755850912786e+00
4.865417814784190886e-01
2.204586427354322709e+01
1.722612310222497101e+01
1.358689709173875437e+00
5.256208813642480049e-01
2.200401182044610948e+01
1.751232013630703221e+01
2.243351345071149971e+00
6.465394715187913199e-01
2.382362471415275706e+01
1.942403733511120123e+01
1.700377923400043789e+00
4.943767701519569124e-01
2.314785689995888518e+01
1.821221674116597455e+01
1.090483582994961287e+00
2.149182590171780927e-01
2.186745777096322385e+01
1.717736654055762813e+01
1.302536689128524383e+00
3.584465444062424067e-01
2.194720095723876341e+01
1.590428672761542117e+01
1.918635024016386970e+00
5.373959919419819542e-01
2.404046407497758153e+01
1.984026984041752684e+01
1.539999010951169423e+00
4.183739567703402273e-01
2.300833104521278472e+01
1.786743808701021408e+01
9.629758473795823059e-01
2.495568639657045340e-01
2.168057059832969102e+01
1.578194191425160930e+01
1.098090231456761767e+00
3.272402597435139504e-01
2.269807371259508599e+01
1.604366693177586356e+01
1.520197620397593985e+00
4.165274972079090476e-01
2.352790213847757173e+01
1.845173384138691475e+01
1.339031482289000374e+00
3.704989905591641319e-01
2.417746574314320895e+01
1.700199628693749787e+01
8.946531385143491333e-01
2.207237848583663009e-01
3.520190897610579839e+01
2.007123668156280516e+01
1.071011349587736916e+00
2.865670243128360939e-01
3.452323029712452040e+01
2.002379472894766010e+01
1.244998393785566648e+00
3.172121568041602613e-01
3.684207819798013617e+01
2.257354524212152214e+01
1.178548670487067573e+00
3.083980440506604581e-01
3.564283628794152037e+01
2.121083080158400236e+01
0.000000000000000000e+00
0.000000000000000000e+00
0.000000000000000000e+00
0.000000000000000000e+00
0.000000000000000000e+00
0.000000000000000000e+00
0.000000000000000000e+00
0.000000000000000000e+00
0.000000000000000000e+00
0.000000000000000000e+00
0.000000000000000000e+00
0.000000000000000000e+00
0.000000000000000000e+00
0.000000000000000000e+00
0.000000000000000000e+00
0.000000000000000000e+00
2.869169392428740473e+00
2.273349214676474883e+00
1.696048819329496027e+01
2.342777107624658939e+01
4.831287830944746453e+00
1.751655847649703501e+00
1.567571858227098502e+01
2.270194835516343446e+01
5.150002063094141214e+00
2.360939320949312137e+00
1.632500768770264443e+01
1.961093238749779388e+01
4.213373003514777615e+00
1.845759630339184998e+00
1.819088428864279194e+01
1.981486010530043984e+01
4.628160054561580417e+00
1.188967566497864947e+00
1.898443160653495809e+01
2.081098143658412880e+01
3.289448104014898622e+00
1.913704317750128503e+00
2.487952269388837934e+01
1.569879200400686514e+01
5.420559126959341611e+00
2.059388322056798781e+00
1.556992515531854160e+01
1.792293486475069031e+01
4.424815848269245677e+00
2.035067103938764888e+00
1.072929398016750469e+01
1.890087630460628532e+01
3.421543506745233554e+00
2.046250400739771713e+00
1.699132608921642529e+01
2.183725632750220313e+01
2.587488697637435386e+00
1.439645648601525663e+00
1.532274425347945268e+01
1.740222022821973979e+01
5.250840234412370577e+00
2.204277261801122823e+00
1.661548054028289556e+01
1.980598974936608414e+01
4.306345913031776718e+00
1.787163601903981158e+00
1.761881342677729378e+01
1.884715524133126152e+01
3.332877162491730161e+00
5.893717327847024512e-01
1.851014233148476862e+01
2.249691342368362257e+01
3.180769149257737460e+00
1.416375555802624531e+00
2.123749009069597449e+01
2.035483111109379095e+01
5.110201305267620064e+00
2.061375209554873855e+00
1.684175185744969738e+01
2.038400984870994748e+01
4.110010733396304516e+00
1.675054682050884702e+00
1.838948947409193124e+01
1.966833670779524823e+01
2.196541878161911931e+00
1.330718359264064787e+00
1.955043270100792441e+01
1.939126569200853112e+01
3.030292338813306063e+00
1.427625029791839140e+00
1.838908101367952952e+01
1.819194412837226338e+01
4.828526084174366240e+00
1.857107487913439492e+00
1.789522530672028466e+01
1.914001456138874246e+01
3.775123188591353873e+00
1.510310605906338699e+00
1.821914975207166165e+01
1.994536636865080226e+01
2.667522621637560931e+00
6.957010383028647826e-01
1.873878565542056762e+01
1.868620707968505812e+01
2.915439450432041113e+00
1.014793370007559536e+00
1.642076752009807450e+01
1.686481235816025404e+01
4.406437461503132091e+00
1.637410222862661913e+00
1.854265295130082691e+01
2.121804395516662467e+01
3.491651008936467626e+00
1.220575312926722722e+00
1.990348755256611213e+01
1.955790490029533402e+01
2.372758051795171408e+00
8.648970858459839040e-01
1.801693789754004271e+01
2.049966485236272362e+01
2.542417836100740125e+00
9.024958619285635697e-01
1.766202498023439915e+01
1.879168343906281891e+01
3.792148982091507303e+00
1.375982554435337679e+00
2.019842535874233391e+01
2.157692077883717374e+01
3.154146739142228650e+00
1.065998173662763504e+00
1.970615748635412245e+01
1.942227375716883486e+01
2.168645439993271307e+00
6.585760541376448618e-01
3.027818768238724445e+01
2.237245852208080166e+01
2.546880069770357746e+00
8.726516196740451425e-01
3.081514899901478444e+01
2.227178209188719649e+01
3.111392933389744542e+00
1.061117241396416278e+00
3.160824964836056949e+01
2.572916684480460603e+01
2.792161237661181517e+00
9.716914884450362777e-01
2.891591756453512474e+01
2.369645434145990848e+01
2.110220189702101568e+00
6.577273319294000276e-01
4.684207462810388733e+01
2.806970152450914924e+01
2.408249316331468215e+00
5.368132473385049952e-01
4.539076190597492655e+01
2.799709925749663242e+01
2.654138952879285807e+00
8.703982225818066576e-01
4.900299438182224776e+01
3.195891745261861061e+01
2.568992302074514900e+00
8.526016171547846634e-01
4.706378218541811975e+01
2.975887159766733703e+01
6.691904781433353655e+00
5.381862119549069234e+00
7.666059721824048268e+00
1.470326371154936318e+01
9.383687881770585548e+00
4.337929128161504444e+00
8.562962402454672883e+00
1.439494687752744895e+01
9.274036570770196164e+00
5.522679568471484224e+00
6.746396254606120912e+00
1.092461921739492681e+01
7.825894013661755189e+00
4.626152810370306234e+00
1.013226833238599234e+01
1.241831005000292087e+01
1.054609267159332475e+01
3.647122810080974720e+00
8.766144838957549368e+00
1.656990284212831810e+01
6.071038271237694239e+00
4.539616162195124538e+00
1.060609924594258935e+01
1.193388083390889953e+01
9.544746271852812214e+00
4.767374321099397072e+00
5.999333352942809228e+00
9.631660763591380459e+00
8.023807637146871841e+00
4.390134227460849026e+00
4.288096977343394123e+00
1.056817782806721162e+01
7.561349332947061797e+00
5.376944125596606838e+00
8.054881590270777991e+00
1.823441120688903894e+01
6.242856696536993155e+00
4.155249176872745309e+00
6.967963590880668967e+00
9.991682880313781823e+00
9.688537145267838824e+00
5.123733958856525383e+00
6.932267841037528022e+00
1.113800976109726726e+01
8.318688078792012774e+00
4.391914705803683816e+00
8.430237972463430651e+00
1.183265181476008188e+01
7.773784950742165023e+00
1.645740326220882954e+00
9.558777359558209952e+00
1.087253108484223851e+01
7.285695787707651583e+00
3.676340316625368754e+00
1.061716636730099239e+01
1.246498569922064448e+01
9.554037479174546377e+00
4.984905096217300269e+00
7.003885693078903074e+00
1.175963845098980620e+01
8.321823858229178583e+00
4.305700216823872495e+00
1.024881847605495899e+01
1.285916172441899796e+01
4.910355478385903361e+00
3.791499104563397893e+00
9.198715076920718658e+00
1.458278987813077521e+01
6.687724416284646090e+00
3.652739864519651825e+00
9.869859577927638128e+00
1.342233465685541383e+01
9.287373968062802021e+00
4.711896273188753703e+00
7.505919662069953979e+00
1.063707799262850173e+01
7.761456631476421286e+00
4.108592896527071936e+00
7.422017349460580782e+00
1.275429159665083034e+01
6.253213582128624992e+00
2.485273060731910455e+00
9.788915792051721354e+00
1.237988998097291393e+01
5.788387829707370535e+00
2.776055316124879990e+00
8.609194367938400205e+00
1.058964678440506546e+01
9.074123207101205679e+00
4.535725813806614326e+00
7.856279781559020847e+00
1.279458281224169802e+01
7.419094234987195335e+00
3.717780231851324668e+00
8.877946320785927270e+00
1.278924681969502508e+01
5.708081793386271308e+00
2.626532846157147993e+00
9.098237926112174634e+00
1.113992926015316165e+01
5.773159785398497057e+00
2.684050737479482862e+00
9.920977928909147536e+00
1.313441861712516534e+01
8.318222803232421469e+00
4.043273830679499525e+00
9.264529547732703207e+00
1.413287884728931942e+01
6.969726398950367496e+00
3.133571538889646568e+00
9.714115387151428749e+00
1.315808217022213888e+01
5.212458859362780750e+00
2.295825935906689708e+00
1.552512285250027624e+01
1.526691334268668498e+01
5.293172684879047019e+00
2.400163313842858415e+00
1.566601427410420122e+01
1.609388389988347967e+01
7.500557913091071782e+00
3.423442865101010035e+00
1.539047685630048790e+01
1.790833986712564396e+01
6.454956694973636999e+00
2.965490064345615462e+00
1.766970332640694252e+01
1.647581899984710674e+01
5.257390778312078794e+00
2.178644999588446041e+00
2.496302150269122677e+01
1.779292667691814245e+01
5.700284237463619341e+00
1.300426715076277606e+00
2.352158408216525487e+01
1.922747961997247401e+01
6.453509163129272252e+00
2.836083010751428990e+00
2.510983948568739876e+01
2.200358981575418582e+01
5.881057863411737863e+00
2.748037903550482941e+00
2.339413676012997811e+01
2.055125710669152994e+01
9.076762754259513954e+00
1.269296606256466831e+01
3.148057543595218721e+00
8.997988180753694110e+00
1.798699797838534664e+01
1.086022468467187174e+01
4.841410655634324378e+00
9.432968967460523046e+00
1.600333607008413495e+01
1.180017105014111500e+01
2.734433559739345210e+00
6.374541147721771495e+00
1.384422881405627059e+01
1.126409634538713256e+01
4.530793951666324482e+00
7.265051559896168243e+00
1.626119635583224365e+01
1.009482629204048010e+01
3.307332137345660339e+00
5.716551722390351920e+00
1.260865510444759074e+01
1.207990765140088740e+01
3.317723067728018282e+00
6.698709896455660839e+00
1.662655475200570621e+01
9.890528194646606153e+00
2.306417499829572115e+00
5.030837571889372306e+00
1.455211965861381351e+01
7.863898250897196185e+00
4.713939606900664492e-01
6.158398278901008105e+00
1.568559858341425262e+01
1.529749448518920474e+01
3.782647813863115438e+00
7.363824940390511387e+00
1.363453467860460933e+01
3.447342766163136840e+00
4.192820776617861789e+00
7.369386948318609853e+00
1.663490901252693988e+01
1.169441944060151606e+01
2.707219513313840586e+00
6.001701204535850209e+00
1.491675430180355733e+01
1.094252734871708377e+01
3.170536780700101254e+00
6.859726128836161507e+00
1.748120485708271232e+01
4.637412200775717253e+00
5.031857669514007370e+00
7.626798169726542120e+00
1.625834464587708084e+01
1.056250000109645448e+01
6.997426483939243269e+00
6.631774959309918671e+00
1.641021236121911642e+01
1.157741766942364947e+01
2.923687065236174831e+00
6.255675141944909257e+00
1.499426160711045597e+01
1.086837311297033004e+01
4.288481963821269005e+00
7.989594331533797167e+00
7.648475051157621607e+00
1.007120878312015044e+01
4.647477822411874904e+00
9.451452678810300156e+00
1.524971331396194607e+01
4.416508832592924705e+00
5.329363276796001969e+00
8.779753264117839962e+00
1.642853127261787094e+01
1.107130773069053120e+01
3.187750823582441662e+00
6.096219336530546151e+00
1.509231562629966916e+01
8.697705153874451867e+00
3.708958989439129272e+00
7.777711212144568620e+00
1.463056152519243369e+01
8.341729414969101697e+00
4.782405255599357474e+00
8.115454152817749289e+00
1.110470561610076601e+01
7.744134668224222473e+00
3.673892180967059495e+00
7.456168824814667140e+00
1.677749138207888890e+01
1.118082246914153721e+01
3.407871521126767611e+00
7.495787344666341667e+00
1.446788953309628489e+01
1.007236473678670130e+01
2.723790895641785781e+00
7.778915495227797905e+00
1.469881819632912112e+01
8.181884168688624115e+00
4.484158271302366217e+00
6.756896349406417812e+00
1.190859796890593536e+01
7.176221153521723295e+00
4.674751539996120364e+00
9.040908832672030826e+00
1.651718409747184779e+01
1.040742142814550597e+01
3.978143687099871428e+00
8.478409666877649187e+00
1.448420127831684390e+01
8.620950090410426370e+00
3.867104447108988374e+00
8.321380028231557091e+00
1.275637568038515646e+01
6.789918895081820338e+00
7.712712918106813476e+00
8.957416936061687096e+00
1.204228152195100598e+01
7.369241598257599613e+00
8.460387210666800328e+00
1.070360903638035488e+01
1.606697955471715034e+01
9.542170580253893419e+00
7.032310163069466213e+00
1.117897045361272390e+01
1.416210764831980917e+01
7.495670724081724856e+00
9.236089723120855410e+00
1.063365606745148106e+01
1.264263836327289248e+01
6.532677731679996214e+00
1.275517917928633338e+01
9.012126331761781017e+00
1.294911028570384737e+01
3.718054534996637184e+00
1.091124602278930844e+01
1.350846048672102384e+01
1.485235641859086542e+01
8.658116864201302221e+00
1.232923640577914348e+01
1.455234558730119510e+01
1.308361247484437406e+01
7.963155817824597804e+00
1.236698757311452290e+01
1.285815381194376350e+01
0.000000000000000000e+00
3.041317556681037360e+01
5.497199984110721083e+00
1.261001157771061365e+01
3.592229267215203237e+01
2.663289172390516413e+01
4.649004098942479679e+00
1.326419530771010358e+01
3.872694568760322653e+01
2.999636014502937442e+01
5.595361344506256884e+00
1.312557366807883596e+01
3.316448818159258138e+01
2.775316504946265184e+01
5.775143134695031932e+00
1.133354517147506080e+01
1.691122340680140468e+01
2.988304563528442159e+01
9.745851597619132889e-01
2.643171879325460605e+00
2.777637804808594879e+01
1.456093146044910824e+01
1.237087448283567870e+00
4.318608766491444761e+00
2.605122419339304329e+01
1.920230823404576981e+01
8.349223857398729853e-01
2.499589237535561725e+00
2.365966539765021537e+01
2.205071140992395229e+01
0.000000000000000000e+00
3.288818663532471653e+00
3.579093435560594116e+01
3.319083140893175710e+01
1.170279326541021403e+00
4.611973557920430622e+00
2.176273314773081680e+01
8.167955353105744720e+00
1.895260820361597265e+00
4.357194973167310081e+00
2.634649955865737070e+01
2.491140729740031645e+01
1.005079609162675247e+00
2.932879387200356458e+00
2.670597788418972129e+01
2.701005657025541495e+01
1.332266299324694092e+00
3.585895578626177915e+00
3.405501811126500655e+01
1.262716400399007455e+01
2.018342260942469935e+00
3.952716430303712780e+00
3.055470186811985656e+01
2.480805733731561702e+01
4.741983306437017376e+00
4.275860847852904101e+00
2.662095723444027939e+01
2.448515912759885538e+01
1.169318031474470443e+00
3.600303830474927302e+00
2.661703533297151836e+01
2.131243929062040010e+01
1.558721019372305339e+00
4.511624801836314091e+00
1.261821623735502129e+01
0.000000000000000000e+00
2.351859991382588611e+00
6.660886916800977886e+00
3.256685718275625163e+01
1.150358561831615489e+01
2.560628465237217544e+00
6.019399733248795847e+00
2.744700814087184071e+01
2.458553491473205099e+01
1.192938074608007604e+00
3.332594706867763268e+00
2.784833482267578120e+01
2.131637470033619408e+01
2.017621644543575510e+00
4.349854482769479169e+00
3.041982018819452449e+01
2.533884241135766047e+01
1.994152529967586851e+00
6.705174060561186700e+00
1.839182474956156099e+01
2.128852406479957438e+01
1.725422436867095177e+00
5.190725235738611332e+00
2.938625068711653299e+01
2.468867133660367941e+01
1.173536179203975793e+00
3.863862686663446233e+00
2.588912969516721674e+01
2.041141085354893647e+01
1.195606824389848999e+00
4.314208191428144268e+00
2.996174114109177822e+01
2.250944191741012190e+01
2.062239250902221599e+00
3.968331078110348020e+00
2.906529626772703878e+01
2.057533366625839832e+01
1.773117033417991317e+00
5.678494985492908320e+00
2.994843197831233184e+01
2.323603219474456338e+01
1.632271259512575012e+00
4.690625260228559412e+00
2.732628382000951817e+01
2.251767276595658984e+01
1.068749074607973082e+00
4.948886219192531577e+00
2.712077905514690812e+01
2.079932127661225039e+01
3.523305181716167134e+00
6.571456736619233574e+00
2.334108915927739147e+01
2.012520970315908997e+01
3.888695388944428899e+00
7.049957386327691644e+00
3.060052382868211041e+01
2.300255594279623850e+01
2.750271860671291702e+00
6.600070599314469710e+00
2.918701909917986370e+01
1.948686805874343975e+01
3.986870420745658894e+00
6.352144810462869273e+00
3.162873911109920755e+01
1.972478462287731915e+01
5.799786337767351974e+00
6.570793038953929077e+00
2.041902238766965283e+01
9.783405408842179796e+00
6.074205405048053841e+00
7.590658579535622508e+00
2.950694457833742490e+01
2.394180801476626996e+01
5.173272131926005102e+00
8.621830554939382552e+00
2.727932448759127482e+01
2.271538353809994959e+01
7.283271670423302702e+00
7.949452908008423968e+00
0.000000000000000000e+00
0.000000000000000000e+00
0.000000000000000000e+00
0.000000000000000000e+00
0.000000000000000000e+00
0.000000000000000000e+00
0.000000000000000000e+00
0.000000000000000000e+00
0.000000000000000000e+00
0.000000000000000000e+00
0.000000000000000000e+00
0.000000000000000000e+00
0.000000000000000000e+00
0.000000000000000000e+00
0.000000000000000000e+00
0.000000000000000000e+00
2.371698972457316046e+01
3.358321738852593796e+01
3.166925914593748281e+00
1.113098185727222678e+01
3.158894507622474634e+01
1.085367513750656876e+01
3.202215034426206142e+00
9.079302750864361116e+00
3.497543231896413829e+01
2.839443201770417602e+01
3.797903394127562837e+00
1.229101149678584370e+01
3.166328309527384022e+01
1.942682548847175639e+01
0.000000000000000000e+00
1.123391832344710473e+01
2.837838355573082794e+01
0.000000000000000000e+00
3.393110807449459254e-01
4.854094228410476219e+00
8.245830786743745477e+00
9.264617080748518418e+00
1.767038966839234782e+00
3.260528389558755791e+00
1.510038903771437013e+01
1.883895216366783032e+01
6.532143573492926736e-01
2.108601063393414243e+00
1.819080446376811011e+01
1.980941615036665482e+01
6.136474545015250248e-01
3.014287535482345071e+00
3.044467307547014556e+01
1.452928539225940519e+01
1.442744197311647936e+00
4.035021267498506425e+00
1.194046815308608345e+01
3.073533224571935563e+01
2.756440090138825294e+00
4.184856753705920696e+00
1.518974893379576230e+01
1.990870665650877314e+01
7.570658880436769156e-01
2.863957373482484581e+00
1.482892519367522866e+01
1.794792014754489529e+01
1.050476002998207647e+00
3.947252058093648763e+00
1.016451877653335423e+01
0.000000000000000000e+00
1.736846075587230365e+00
7.075602832229337835e+00
1.870114931942480752e+01
0.000000000000000000e+00
2.055875418757550310e+00
5.029208281030896899e+00
1.593398742789020162e+01
2.021318339406758824e+01
6.739846553420060227e-01
2.679534297905564078e+00
1.732770788831440001e+01
1.727395626292823749e+01
1.206054889769907268e+00
3.706721892088058024e+00
3.368126354307609915e+01
1.443505039663888745e+01
1.257039117318209831e+00
6.256412190433776388e+00
1.105087336014038968e+01
1.680036583646854353e+01
7.922168939617958427e-01
5.242340861846019884e+00
1.782867191773178206e+01
1.934934146407734090e+01
8.481665122847816818e-01
2.894332649829440385e+00
1.608045794354249125e+01
1.886042787582457692e+01
3.508543980590884126e-01
3.522397138963734520e+00
2.996420220937587331e+01
0.000000000000000000e+00
1.457390199181690216e+00
4.341948512581375041e+00
2.581547017142674960e+01
1.635145239404764084e+01
1.655430568149049764e+00
5.634216505775862416e+00
1.828781437214473016e+01
1.832686944965215758e+01
1.096581495816894014e+00
3.716103644618893753e+00
1.933771098762569451e+01
2.099973181517321663e+01
7.660951480785161971e-01
4.022630494847173388e+00
1.812369533106381780e+01
2.519385062269978448e+01
2.776711015244193170e+00
5.968830778672105986e+00
1.559887268460006915e+01
1.599212317791727145e+01
3.362896226008903255e+00
6.826415897782615261e+00
1.909958311577615575e+01
2.029112319700981359e+01
1.819653559913445573e+00
5.584012185322882793e+00
2.194421498414508775e+01
2.266056067348732839e+01
2.253312366253473975e+00
5.356246052033950100e+00
2.329211658773190763e+01
2.370019849861691341e+01
4.436579184241317364e+00
5.523469246117605813e+00
2.438522694346059794e+01
0.000000000000000000e+00
3.587846150999590922e+00
8.329105431288338579e+00
1.886089099766559585e+01
2.088047898220786536e+01
3.570023197602744336e+00
7.656745861340048975e+00
1.918033989748191104e+01
2.521241003682712289e+01
5.136052739238901488e+00
7.358960739882886237e+00
0.000000000000000000e+00
0.000000000000000000e+00
0.000000000000000000e+00
0.000000000000000000e+00
0.000000000000000000e+00
0.000000000000000000e+00
0.000000000000000000e+00
0.000000000000000000e+00
0.000000000000000000e+00
0.000000000000000000e+00
0.000000000000000000e+00
0.000000000000000000e+00
0.000000000000000000e+00
0.000000000000000000e+00
0.000000000000000000e+00
0.000000000000000000e+00
0.000000000000000000e+00
0.000000000000000000e+00
0.000000000000000000e+00
0.000000000000000000e+00
0.000000000000000000e+00
0.000000000000000000e+00
0.000000000000000000e+00
0.000000000000000000e+00
0.000000000000000000e+00
0.000000000000000000e+00
0.000000000000000000e+00
0.000000000000000000e+00
0.000000000000000000e+00
0.000000000000000000e+00
0.000000000000000000e+00
0.000000000000000000e+00
4.605571672727430865e+01
0.000000000000000000e+00
0.000000000000000000e+00
1.921332169056321248e+01
0.000000000000000000e+00
3.148401122461541490e+01
3.796432160671972866e+00
9.185177283561435146e+00
3.723314519016314961e+01
3.035910042876146520e+01
3.292351783033518053e+00
1.458378017882964706e+01
2.992411143225288228e+01
3.618792018063780347e+01
4.104114504696743104e+00
1.172661844731083569e+01
3.316818881597716739e+01
0.000000000000000000e+00
1.174466252855381532e+00
4.104492690348401140e+00
1.027448630598680523e+01
1.791834891388685946e+01
1.770555367995605200e+00
3.006664163784414256e+00
8.164179593252987033e+00
1.392561303516886184e+01
2.961618290164429457e-01
2.025149048902711968e+00
8.767777468608645819e+00
1.437275577761188039e+01
9.056948091829797320e-01
2.918140945462507574e+00
1.450708650383151799e+01
0.000000000000000000e+00
1.146443217622410193e+00
4.299071064181678281e+00
1.793220884899544743e+01
0.000000000000000000e+00
2.283768248458949657e+00
3.758284588577124108e+00
8.921324394125292656e+00
1.515248136414633251e+01
4.440836267285286354e-01
1.991509066278102535e+00
1.116444519747888187e+01
8.229125695247523353e+00
6.258713520212989545e-01
2.812593559754918093e+00
3.730922586772682337e+01
1.639770399088597586e+01
8.783764078823286248e-01
5.458244474862254947e+00
8.829891349259286315e+00
1.952149740639833553e+01
8.640902306876819816e-01
5.348098505859785412e+00
1.067613181484018803e+01
1.430839004755868338e+01
5.295460166522717449e-01
2.307666258560135741e+00
8.534548416862543618e+00
1.969699468635495521e+01
1.998451498814997618e-01
2.709897334312175499e+00
1.658008243747981325e+01
0.000000000000000000e+00
1.099592309827135628e+00
4.158613548508644620e+00
2.828408014530615588e+01
9.658542194199622344e+00
3.670842626423459487e-01
5.752599325669072172e+00
1.040627455324077921e+01
1.400925272218840689e+01
6.587837986274602819e-01
2.733370044246320685e+00
1.201370891134803820e+01
1.921746316798425269e+01
4.139056030184147250e-01
3.255907985796832715e+00
6.744509025979322558e+00
1.501307076977651001e+01
2.339607714227544655e+00
5.549074272511131944e+00
6.949625904912988261e+00
1.874534392954695505e+01
2.270781171686507616e+00
6.503296029841814985e+00
1.071870347237049970e+01
1.519585486312619338e+01
1.171239000709047406e+00
4.403049213765594772e+00
1.448547200468883389e+01
2.596722679056433591e+01
1.270003724671481704e+00
4.499208150880566137e+00
1.941142070364812966e+01
2.837046521965363510e+01
3.519570376300623415e+00
5.216536121397123971e+00
2.340853587301663552e+01
0.000000000000000000e+00
3.282466839064850372e+00
7.332387749543001654e+00
1.113660990195337064e+01
1.439961642070402092e+01
2.278474457580259571e+00
6.130504813269956443e+00
1.328852682767399251e+01
2.135826955314307085e+01
4.429546894353610931e+00
6.237806264261930522e+00
0.000000000000000000e+00
0.000000000000000000e+00
0.000000000000000000e+00
0.000000000000000000e+00
0.000000000000000000e+00
0.000000000000000000e+00
0.000000000000000000e+00
0.000000000000000000e+00
0.000000000000000000e+00
0.000000000000000000e+00
0.000000000000000000e+00
0.000000000000000000e+00
0.000000000000000000e+00
0.000000000000000000e+00
0.000000000000000000e+00
0.000000000000000000e+00
0.000000000000000000e+00
0.000000000000000000e+00
0.000000000000000000e+00
0.000000000000000000e+00
0.000000000000000000e+00
0.000000000000000000e+00
0.000000000000000000e+00
0.000000000000000000e+00
0.000000000000000000e+00
0.000000000000000000e+00
0.000000000000000000e+00
0.000000000000000000e+00
0.000000000000000000e+00
0.000000000000000000e+00
0.000000000000000000e+00
0.000000000000000000e+00
0.000000000000000000e+00
0.000000000000000000e+00
0.000000000000000000e+00
0.000000000000000000e+00
0.000000000000000000e+00
0.000000000000000000e+00
0.000000000000000000e+00
0.000000000000000000e+00
0.000000000000000000e+00
0.000000000000000000e+00
0.000000000000000000e+00
0.000000000000000000e+00
0.000000000000000000e+00
0.000000000000000000e+00
0.000000000000000000e+00
0.000000000000000000e+00
5.230682411159686040e+01
0.000000000000000000e+00
4.969699172208202675e+00
2.664825727561298407e+01
1.221162758924833014e+01
0.000000000000000000e+00
2.088493970271730227e+00
6.013290704465897640e+00
2.652108356615051932e+01
3.725308624960270265e+01
3.123927122828122904e+00
1.395695509927380051e+01
2.257475063368729451e+01
3.901305654658241195e+01
5.861380680874533233e+00
1.122671526594072589e+01
1.453620803824829721e+01
0.000000000000000000e+00
3.871237627283969363e-01
4.297387468576356895e+00
9.615828710326248085e+00
0.000000000000000000e+00
5.608429565524725158e-01
3.025839638558870170e+00
5.360182051589093000e+00
1.025305678248359342e+01
2.700973940773461202e-01
1.471805740581644040e+00
4.745564150529165026e+00
9.199563557719836027e+00
2.198877780498237067e-01
1.947895778338643247e+00
0.000000000000000000e+00
0.000000000000000000e+00
4.103584085655912483e-01
5.149904445151755716e+00
5.375475598213502515e+00
1.112009931057624179e+01
5.353272964843204251e-01
2.984910731805931583e+00
5.765143307997241173e+00
1.068437678511748068e+01
2.128933076355541965e-01
1.771759836451267001e+00
5.565180138646248942e+00
1.150885819993638037e+01
0.000000000000000000e+00
2.197771630503030149e+00
8.721450344433776536e+00
0.000000000000000000e+00
8.784252793916845770e-01
3.154790431849824550e+00
9.130079239387095313e+00
1.098323554295064497e+01
4.021597082078852692e-01
5.760312001361572065e+00
5.003053355947935543e+00
1.147603633627709030e+01
3.156763007033002166e-01
1.851314126109764091e+00
7.407388374978660650e+00
1.274971596925989381e+01
4.521190411410190846e-01
2.536583862507444831e+00
8.714993439364187466e+00
0.000000000000000000e+00
1.637872296508512848e+00
3.184572276473182306e+00
4.197921099371464848e+00
2.172682004455562677e+01
1.288788406511765405e+00
5.859571144445204105e+00
4.926142876826642869e+00
1.020911217152274553e+01
5.849234356119465961e-01
3.086746022923204436e+00
8.614206551076152962e+00
1.131218411496795184e+01
2.402563982677358712e-01
3.358796955912982440e+00
8.711650872635598120e+00
3.348023977932948014e+01
2.528560855544723651e+00
4.794626381703172235e+00
1.465299984945272094e+01
0.000000000000000000e+00
2.067172150331525238e+00
7.286150844740560295e+00
5.870502394100829413e+00
1.080212487476152283e+01
9.724117683146240587e-01
4.192211849337409646e+00
8.488273514727570301e+00
1.345055256518549136e+01
1.956288184803133934e+00
5.094754311892461196e+00
