8.673617379884035472e-19
0.000000000000000000e+00
3.592878800750415064e-04
6.938893903907228378e-18
2.168404344971008868e-19
9.504662249402504167e-04
1.314238870011425169e-04
3.903127820947815962e-18
1.387778780781445676e-17
2.583130748812795404e-04
3.502426816559459072e-05
9.528684778420891920e-05
1.843143693225357538e-18
4.336808689942017736e-19
4.013762305646206732e-05
3.049807195857618441e-05
1.734723475976807094e-18
7.839443667470658364e-03
4.474490356085604708e-04
1.734723475976807094e-17
3.252606517456513302e-19
0.000000000000000000e+00
1.612257669161222442e-04
3.469446951953614189e-18
2.168404344971008868e-17
1.908195823574487804e-17
3.804193995711864046e-05
8.239936510889833698e-17
3.577867169202164632e-18
4.336808689942017736e-19
1.301042606982605321e-18
4.553649124439118623e-18
2.040905243257862180e-03
0.000000000000000000e+00
4.510281037539698445e-17
2.366595603618552261e-03
0.000000000000000000e+00
0.000000000000000000e+00
4.770489558936219510e-18
3.035766082959412415e-18
6.485503125691444387e-05
1.127570259384924611e-17
1.010476424756490132e-16
1.535230276239474279e-16
4.336808689942017736e-19
2.168404344971008868e-19
0.000000000000000000e+00
3.187554387107383036e-17
0.000000000000000000e+00
8.409317919489315771e-03
6.800116025829083810e-16
2.081668171172168513e-17
2.168404344971008868e-19
0.000000000000000000e+00
2.431139305542822184e-04
4.336808689942017736e-19
6.418476861114186249e-17
5.204170427930421283e-18
2.059984127722458425e-16
1.405126015541213746e-16
7.589415207398531038e-19
0.000000000000000000e+00
2.818925648462311528e-18
3.553009205242187163e-05
0.000000000000000000e+00
0.000000000000000000e+00
1.942890293094023946e-16
2.428612866367529932e-17
2.168404344971008868e-19
0.000000000000000000e+00
5.637851296924623057e-18
3.469446951953614189e-18
5.811323644522303766e-17
2.081668171172168513e-17
8.456776945386934585e-17
1.483188571960170066e-16
1.409462824231155764e-18
4.336808689942017736e-19
2.818925648462311528e-18
2.515349040166370287e-17
0.000000000000000000e+00
9.177944442244928558e-03
1.873501354054951662e-16
1.387778780781445676e-17
2.168404344971008868e-19
0.000000000000000000e+00
8.673617379884035472e-19
3.165685799259627020e-04
6.505213034913026604e-17
8.673617379884035472e-19
5.984795992119984476e-17
8.500145032286354763e-17
2.710505431213761085e-18
2.168404344971008868e-19
4.336808689942017736e-19
1.582935171828836474e-17
1.734723475976807094e-18
0.000000000000000000e+00
1.283695372222837250e-15
2.775557561562891351e-17
4.336808689942017736e-19
0.000000000000000000e+00
8.673617379884035472e-18
3.469446951953614189e-18
1.778091562876227272e-17
6.505213034913026604e-18
7.758632281520452519e-05
7.806255641895631925e-18
2.602085213965210642e-18
4.336808689942017736e-19
3.903127820947815962e-18
2.927345865710861972e-17
0.000000000000000000e+00
0.000000000000000000e+00
7.910339050454240351e-16
4.163336342344337027e-17
0.000000000000000000e+00
0.000000000000000000e+00
7.806255641895631925e-18
3.035766082959412415e-18
2.905661822261151883e-17
1.474514954580286030e-17
3.556183125752454544e-16
1.578598363138894456e-16
2.927345865710861972e-18
2.168404344971008868e-19
1.517883041479706208e-18
1.344410693882025498e-17
3.469446951953614189e-18
0.000000000000000000e+00
1.165734175856414367e-15
2.325874851829675717e-03
0.000000000000000000e+00
7.322427867027624234e-04
3.469446951953614189e-18
3.903127820947815962e-18
3.729655473350135253e-17
1.301042606982605321e-17
2.072994553792284478e-16
9.540979117872439019e-17
3.361026734705063745e-18
2.168404344971008868e-19
4.553649124439118623e-18
1.105886215935214523e-17
2.211947672724821293e-03
9.152568119736477492e-04
7.202043095856377510e-03
7.827804047943608123e-03
1.210662133831508962e-03
4.049267612461117036e-03
1.779454350802376923e-03
1.869835147962480406e-03
1.097117866710012237e-03
2.174617422293812549e-03
1.339893920731993890e-03
2.106505122879200140e-03
5.500339646609622322e-04
7.663752468607760906e-04
6.957943961807272351e-04
9.558772887933115808e-04
1.923802416713812176e-03
2.157403267165622016e-02
8.406305863979710025e-03
9.262211913805740507e-03
9.190988946418354689e-04
1.767728275080886115e-03
2.642748999908677010e-03
2.526879440811798192e-03
1.229150434402527872e-03
2.388030737632308286e-03
1.594996708622688306e-03
2.223482418643234811e-03
5.254795632294567004e-04
1.118338397251163142e-03
6.796336442669164172e-04
1.078696366083744130e-03
6.576861524848777972e-03
1.481958457505759205e-02
1.144756465523565254e-02
1.804343912496614646e-02
1.218729912331851552e-03
4.583323248177235965e-04
2.296998422802217898e-03
4.248162530676572769e-03
1.341527070064136911e-03
1.887082141115025476e-03
1.679205831211664840e-03
2.216037593661361518e-03
6.441073030905240240e-04
9.799490579217079358e-04
1.010700970104554857e-03
1.117764301746859094e-03
3.960578076632541647e-03
2.212662056982098516e-02
1.520801838299314958e-02
2.175931349703458945e-02
8.104686934722057185e-04
5.145644811008996938e-04
3.087509988963361724e-03
3.744855321884643130e-03
1.376990271501020695e-03
1.865509748106774449e-03
2.018731892436625638e-03
2.606679289549392476e-03
6.932480617192181022e-04
1.183251012427388076e-03
1.386289776723869868e-03
1.349541809810049205e-03
4.214908468420081218e-03
8.070751108647189476e-03
2.080216294384602121e-02
2.189968205578326707e-02
2.063448562265709097e-03
1.313718688141582306e-03
3.891053600421669201e-03
3.287709069823862608e-03
1.484980903393308188e-03
2.494397438259694788e-03
2.350053105896828150e-03
2.878023586493859941e-03
7.378668429918406116e-04
2.117991637240945399e-03
1.489600024189667192e-03
1.462756407515426304e-03
1.751516320063137636e-02
3.101379139072200225e-02
2.506525591587355217e-02
1.739005528364344702e-02
2.894357596991944340e-03
7.081946845114905562e-04
4.670244215941368564e-03
5.313556219920830340e-03
1.500707625127922079e-03
3.101318798959107250e-03
3.087687494547177933e-03
3.443487572616865666e-03
9.246594198016489397e-04
1.047171729544835519e-03
1.325763039622660606e-03
3.046544392996599227e-03
4.438809256904007773e-03
1.228950611273014332e-03
3.382652876624441668e-02
2.436174182393207113e-02
1.566206336263004312e-03
1.518194712604951663e-03
7.285020940839224794e-03
5.064267104030187143e-03
1.765650013212111862e-03
3.060199505754363294e-03
3.088440401886273848e-03
2.866693956505588729e-03
9.081716474373827206e-04
2.134370131952641539e-03
1.369943806743249230e-03
1.659611563407502148e-03
7.111428764599388511e-03
3.763480943231586190e-03
3.001876439037207134e-02
2.271641852039598189e-02
4.856810897098936403e-03
9.827716715079574342e-04
5.439675372819816404e-03
5.158508862059531415e-03
1.940724374645084495e-03
2.067492589590043655e-03
2.846256677330997412e-03
3.207426924360533629e-03
8.976505431993532817e-04
1.073164102217256293e-03
1.151903957646233274e-03
1.466452930992652144e-03
1.654945906074109171e-02
1.171712171593272678e-02
3.628020042891270253e-02
2.739630613888328556e-02
4.711785092371197081e-03
5.420706306460199193e-03
5.842440080155240911e-03
4.277150606995007605e-03
2.087420222357016467e-03
2.756304818668489122e-03
3.217409179846141085e-03
3.025077418427327223e-03
1.085193196685949350e-03
2.129916486833385598e-03
1.526007797415625949e-03
1.536171933617962908e-03
1.159965602329425700e-02
1.021073880632591968e-02
2.677213153749004662e-02
2.197533106952186122e-02
5.288255439934302915e-03
1.392327844511944551e-02
9.021135631251959996e-03
9.709255255872543608e-03
3.725046661339313780e-02
1.466970460844642332e+00
5.036202489801355764e-01
5.914032605197165893e-01
3.578452291719642075e-01
2.414112035348876806e-01
7.870262835928206746e-01
3.719894983551575995e-01
1.308121739291003005e-02
6.782750451461257157e-02
3.432792530580755508e-02
3.755390845666455729e-02
4.237352282617372866e-03
4.715987519055136155e-03
1.451387176070041696e-02
1.169635482695122360e-02
3.406092759283325111e-01
2.103284615560194748e+00
3.605814699000511880e-01
6.113700796331899001e-01
3.293242604847188004e-01
3.400425984929526524e-01
1.132800289858950205e+00
6.413188236491593752e-01
1.383973036494141363e-02
2.687101244545997414e-02
4.567873502793409063e-02
7.222898067038938108e-02
5.569981548849436276e-03
5.839588781033413882e-03
1.388329808300820152e-02
1.930478748680911072e-02
8.615660766527396541e-01
2.104260266884493830e-02
8.347671761063563123e-02
6.383351537945982646e-01
3.560515437474733869e-01
5.095144131281580391e-01
4.900254150244128248e-01
4.689491610658559351e-01
1.602245185993542501e-02
6.409044039296465933e-02
5.573723293758688080e-02
6.745449625443132591e-02
4.708107814144518732e-03
2.296419091737274525e-03
1.690032537270408017e-02
1.553389059368323957e-02
8.773444341982915284e-02
3.863986795348431369e-02
1.842159154993596448e-01
6.874090705439036553e-01
4.011904918027309752e-01
4.001027563545022092e-01
5.304945037139470188e-01
6.573054375187524778e-01
1.759454737550957340e-02
1.995191028272037814e-02
8.491961379349968753e-02
7.235103838609960314e-02
1.094302618302558927e-02
6.132510713291911518e-03
2.460059316206462607e-02
1.883800985572085807e-02
9.072804268016918527e-01
6.746181243090189350e-02
5.319789858244474701e-01
2.671395321118686383e-01
6.892725422915985112e-01
4.472187170210389917e-01
6.803424946869820467e-01
6.602989103379515168e-01
4.871188676081710661e-02
8.918369600002158670e-02
1.064263429358549284e-01
7.458353941671737319e-02
1.255431657522100043e-02
9.106670630145573611e-03
2.821435181289412911e-02
2.566621222725137125e-02
9.359585279544458958e-01
1.099367465269124600e-01
2.470395612801699947e+00
2.432934018951077970e+00
6.649737390886457655e-01
4.492774304769747151e-01
2.231627690185605584e+00
1.345240867738870083e+00
5.411378776857349998e-02
5.089416114695113902e-03
9.210132728634258525e-02
8.229126871926314979e-02
1.119130402210938638e-02
6.482459888140094766e-03
2.552700692112428935e-02
2.148769032484783292e-02
1.662077807343305125e+00
1.494125944960913999e-01
2.031035523517573438e+00
2.546044762083599089e+00
7.032859064929772863e-01
6.594678539736842371e-01
1.355372986373245325e+00
1.332327150420584028e+00
2.401588211379508328e-02
1.815902725507635707e-02
1.023555733881905405e-01
8.611632133211637175e-02
1.503505611802181258e-02
1.117759374687461466e-03
2.266288984208265564e-02
2.364150937256435589e-02
1.867335936054995926e+00
8.863358487113139894e-01
2.017697052224018961e+00
2.658202594613663372e+00
8.690076576581945433e-01
4.463801331723316057e-01
1.427576748750406965e+00
1.514032831617552644e+00
5.032794200723979955e-02
3.477747900329851427e-02
1.055764743298793912e-01
7.669617922333202276e-02
1.970240290884811216e-02
2.766059175312195542e-02
2.724333135145252244e-02
1.673272329708373751e-02
2.097025781606248529e+00
1.281340387931541036e+00
2.313387897116101932e+00
3.022416103624013584e+00
1.116807474117081922e+00
7.371788492885549271e-01
1.632206994715025283e+00
1.585105093620636563e+00
5.536055303554917456e-02
6.254529496516114673e-03
8.543546317536325485e-02
7.026069778621155115e-02
3.561380476970826131e-02
6.273892634983563310e-02
3.418064936903013329e-02
3.788034331312577219e-02
9.237629665720547223e+00
9.355646854009863844e+00
1.048607946330336382e+01
1.017278770414431399e+01
2.769835461420600886e+00
2.409001955901391157e-01
3.700633128580913755e+00
3.829089165463122502e+00
6.137752883538551835e-02
1.733550153146163064e-01
1.113966211026329034e-01
1.112476728120279507e-01
1.757899649210906828e-02
1.352013753471982722e-02
5.461231243779588601e-02
5.518299617331942630e-02
9.879740783855494257e+00
9.789511093361364047e+00
1.111194467312385648e+01
1.059406662473072203e+01
3.122560009961377947e+00
3.203929851401067452e+00
4.352782443957159408e+00
4.405852841192021252e+00
2.617977045518442292e-02
6.928579915983085202e-02
1.515783297668316654e-01
1.907801582617500991e-01
2.384356982555893567e-02
4.549201403376601505e-02
4.980192387228827428e-02
6.509308191959528589e-02
9.627325738527591881e+00
1.046812989295204410e+01
1.228333929599986618e+01
1.148943215748425395e+01
3.142357425858454345e+00
3.274872615901906148e+00
5.147204766054455760e+00
4.272763970431314284e+00
4.213176229277434265e-02
2.184103530838214235e-01
1.891631042426625831e-01
2.105782824200789494e-01
2.029991997547274038e-02
2.695935378076408373e-02
7.215349361925327276e-02
5.561815661755416945e-02
1.017285680341426435e+01
1.097230815107401014e+01
1.449631977441494612e+01
1.269543249290967601e+01
3.667780323929347386e+00
4.319525821921304853e+00
6.275253311888835839e+00
4.959338385926383985e+00
8.353015270126409875e-02
6.657119894650920244e-02
2.844918430448886149e-01
2.698586630415697463e-01
7.361594164828254294e-02
3.180772184864615049e-02
9.376795442922757073e-02
6.654753795266783734e-02
1.040474390872276267e+01
1.030577661809069490e+01
1.579977372195866181e+01
1.400355371057706577e+01
3.987597404540117463e+00
6.852775423670195432e-01
6.630087510183484412e+00
5.504834873335251011e+00
1.095792250337579432e-01
2.497426528056528316e-01
2.383501871393559901e-01
2.192675014353760721e-01
5.335618937206164369e-02
3.300062254411927770e-02
8.658970315270445028e-02
8.927679698172877321e-02
1.157811141924628195e+01
1.050621063800739918e+01
1.680377918139286209e+01
1.470681674942006012e+01
4.710088918682163062e+00
4.762930164663896626e-01
8.101050479918487923e+00
6.050876209353940993e+00
1.643404739279215598e-01
7.040815196557304034e-05
2.462986437888773361e-01
2.552761204724316446e-01
4.662163234616246293e-02
3.959829911748141001e-02
8.062496208445754653e-02
1.025175209147264205e-01
1.209200020098303163e+01
1.200101937368862082e+01
1.713185643160196747e+01
1.538188099520141350e+01
5.079083233673792108e+00
5.795959632047283705e+00
7.922374738066825905e+00
6.004504230871912540e+00
1.234451922497683124e-01
1.623973746083196001e-02
2.512550376170976651e-01
2.208386858689944665e-01
5.079714498961408753e-02
3.642346976453058466e-02
7.188680842115663383e-02
7.795635768429856616e-02
1.324342064638124583e+01
1.208261327482148140e+01
1.731065646738511177e+01
1.518947060156649265e+01
5.688797455431618744e+00
5.427844067533039940e+00
7.748576060347235561e+00
6.179920909649311511e+00
1.533054196864836460e-01
8.462352978185000429e-02
2.552589318475675384e-01
2.054692447438387914e-01
8.787135493919993878e-02
6.620847857392025970e-02
7.808633756319773023e-02
6.071765692632273559e-02
1.498312178215649482e+01
1.310292734797334191e+01
1.723192572056165162e+01
1.541951138606473570e+01
6.722183156112667035e+00
5.542931635029781923e+00
7.817853476434304838e+00
6.253957130658592156e+00
1.319866682768104649e-01
1.510540855162778584e-02
2.554676936543320287e-01
1.887292998219473883e-01
1.148975843905197941e-01
2.141054164223863410e-01
1.256412920651644449e-01
1.251929889351418024e-01
1.614775715994742811e+01
1.596924505187954857e+01
1.816016208293749656e+01
1.736999879473791708e+01
6.696789863170591772e+00
4.667660440097742836e+00
8.093294218177236488e+00
8.099932302267239592e+00
1.357145612461163608e-01
5.848527734397258593e-01
3.507240033714881244e-01
2.989122926766851207e-01
5.119521604795561343e-02
7.355362149456190317e-03
1.662388465428155382e-01
1.840425109033961004e-01
1.667711697802016957e+01
1.596732586422054645e+01
1.945126038626247933e+01
1.825028772605562466e+01
7.248416794842513333e+00
5.007228555766551459e+00
9.594857123916911590e+00
8.998352603291474239e+00
4.012024954738904747e-01
1.699162833358451863e-01
4.949565378384316872e-01
4.525915833962591006e-01
9.349519953928907279e-02
1.214638144430558592e-01
1.863055460117184758e-01
1.915119584137341957e-01
1.704670812026407134e+01
1.659084502108654036e+01
2.174995591247465754e+01
1.971641098908590450e+01
7.548727438269713375e+00
8.032957858253622518e+00
1.078406523794076222e+01
9.620303745792821104e+00
8.442470080466735194e-02
6.425432439040286159e-01
6.148550524659023298e-01
4.713236425135133856e-01
8.047932876993288409e-02
7.366446260557904524e-02
2.590164376739663155e-01
1.841417554526103284e-01
1.757536452684920292e+01
1.690456230344696920e+01
2.298902187208922854e+01
2.085002000517775400e+01
8.213960900558861411e+00
7.104265438050484605e+00
1.297688672616763306e+01
1.086044632586318848e+01
3.368847210116935331e-01
4.051333214321251042e-02
6.211222442066851590e-01
5.738617742642564412e-01
1.739120667545042132e-01
1.666822459152548230e-01
2.737428762995327003e-01
2.181164897821844806e-01
1.843643300944982499e+01
1.719682373538743292e+01
2.367737282689196476e+01
2.183150715259669283e+01
8.752478050959501488e+00
8.351787405927590058e+00
1.300216263124717031e+01
1.131589658825600075e+01
3.730006556778420190e-01
8.069897739175758700e-01
5.833243453010815704e-01
5.939850707444396249e-01
1.419191146373671719e-01
8.700607495574770589e-02
2.108525523326881257e-01
2.410609109152176688e-01
1.939985201969586015e+01
1.815347248835840688e+01
2.373781501663519933e+01
2.211453369464674878e+01
9.892466657449784151e+00
9.818936442218085148e+00
1.393055218112886706e+01
1.182172572694654811e+01
8.211939001414869654e-01
8.144707393242489601e-02
6.007728026604413074e-01
5.582557937310658192e-01
1.774453435126099876e-01
8.357287961982638735e-02
2.220723994928775480e-01
3.247015643482759617e-01
2.075120894241947056e+01
1.914865662326772622e+01
2.392084265876578186e+01
2.224398069635312680e+01
1.008178882670796916e+01
1.078653569645239507e+01
1.420033036857673991e+01
1.204222557863780985e+01
5.285971481166320540e-01
4.176996700819157748e-02
6.228476987016215993e-01
4.976663190087042832e-01
1.903033187480382693e-01
9.116496824947249722e-02
1.990939222162282085e-01
2.490292333041283779e-01
2.219412142511135855e+01
2.020738424890497953e+01
2.381553736898153772e+01
2.219816612964649494e+01
1.216762668623107757e+01
1.136921305111754243e+01
1.433463949094507228e+01
1.184396979268832517e+01
5.542428082934857114e-01
1.128094471520691977e-01
5.789373920423773745e-01
5.566177412021012794e-01
2.481914842050056691e-01
2.225029505362751403e-01
1.996645082336603316e-01
1.847446828388506768e-01
2.326651072559115008e+01
2.107813735733207139e+01
2.374831108007499125e+01
2.223755214261350588e+01
1.311912654690085844e+01
1.098815307238041505e+01
1.448584039773406751e+01
1.189498092966448439e+01
3.070161986785996389e-01
1.899319033096950493e+00
8.106251215604876048e-01
4.091252597785732248e-01
2.463262325234004679e-01
7.966825832580046729e-01
4.453921149140137592e-01
3.721706228154658125e-01
1.581663728719537687e+01
1.530904374472087959e+01
1.838315736003688272e+01
1.741453515064488755e+01
8.275916269390059199e+00
8.251798344151220377e+00
1.048202552952064792e+01
1.020047451276921535e+01
1.755603346385038177e-01
1.650635347325837055e+00
1.287380341002837048e+00
1.104503542655218773e+00
2.350142509598417973e-01
4.285237461061823516e-02
5.006580553724060412e-01
5.121888039928190750e-01
1.619204775594903722e+01
1.559355062666468861e+01
2.023208038958926025e+01
1.860789986479863956e+01
8.946300565073418198e+00
6.868587330477399000e+00
1.265761819669197763e+01
1.122185842492049090e+01
1.250710872627747383e+00
3.040249638527730003e-01
1.730641214825219043e+00
1.181813870098283425e+00
2.783921945084443239e-01
2.728584035511328887e-01
7.396970554974205969e-01
4.791248282728871599e-01
1.651668440129109072e+01
1.546644676099765370e+01
2.086620702326629484e+01
1.953962386047927069e+01
9.390181350250577097e+00
9.476956241958719218e+00
1.386563853411230518e+01
1.200128097267471006e+01
1.372221492839486690e+00
1.855789006012352083e+00
1.755614282582641517e+00
1.887670154353362273e+00
2.185417503303657416e-01
4.835425323042798484e-01
7.595509614960115341e-01
5.399375197343321275e-01
1.739173574315553950e+01
1.562821666835687395e+01
2.038234258915792196e+01
1.940023819135450012e+01
1.019533250056896811e+01
8.606233962948548921e+00
1.450541222911632744e+01
1.265173593228481685e+01
7.729056222262359332e-01
4.309653898312104658e-02
1.676096444212582082e+00
1.591578612417245964e+00
4.365735362496079852e-01
4.840849449889744749e-01
5.973813272175342304e-01
6.851979788736258792e-01
1.838478853772623012e+01
1.730872737850764054e+01
1.990752210033877034e+01
1.989979486852730517e+01
1.115433522256428844e+01
1.046719257028447281e+01
1.472833770265806486e+01
1.294734681462837500e+01
6.375341934238057950e-01
2.534507844070887028e+00
1.648729223319295611e+00
1.226321456717322622e+00
4.356859869603395552e-01
1.542700390855779591e-01
7.122662179589422937e-01
6.633019237353086073e-01
1.929037006701730306e+01
1.823476755206981181e+01
1.977210980750577463e+01
1.925693152981804701e+01
1.211929006347605409e+01
1.066724076624450390e+01
1.492272531319536988e+01
1.328659993779407600e+01
2.390687981949140894e+00
4.206826576829625353e-02
1.824921966088852932e+00
9.054036320290850259e-01
4.231017634492986179e-01
2.580112432954768664e-01
4.754211193690260351e-01
7.964581801836463359e-01
2.032167277499480917e+01
1.893867384089380579e+01
1.960261607791757754e+01
1.875642022077911975e+01
1.302729848546840685e+01
1.124493830141449457e+01
1.522227309213628921e+01
1.331107153655213438e+01
7.949304879865638496e-01
1.181585285699129351e-01
1.786106137772539348e+00
1.208666949697708715e+00
6.216704945664688342e-01
3.665122599681930882e-01
4.344052383015899466e-01
6.656444620349428742e-01
2.031667877873187678e+01
1.962983743998540476e+01
1.953280868691697947e+01
1.894283300704633888e+01
1.372246199174044357e+01
1.174412859029107992e+01
1.510927814122121404e+01
1.333116782583811677e+01
1.335468373637895834e+00
3.541251363718296297e-01
1.768197253313987583e+00
1.545494129536679973e+00
6.296831363068338128e-01
5.379639344935991385e-01
5.351379619279028610e-01
6.113844403011741147e-01
2.053866070385966935e+01
1.935404593386252614e+01
1.942066902940510431e+01
1.970181766984382321e+01
1.430823518814263551e+01
1.158696960844423351e+01
1.492241662045898565e+01
1.340338428498494672e+01
4.884113681496378145e-01
4.871801004415056369e+00
3.158657841394103549e+00
2.360886966087816674e+00
1.885779175456405943e+00
2.503830397019293663e+00
1.763567387573382605e+00
1.440607404514499645e+00
1.316435424025991807e+01
1.311029326760924363e+01
1.657445778185798702e+01
1.541127493433560147e+01
8.629662357447225318e+00
8.700987909572605261e+00
1.193458223530819495e+01
1.076702842713938146e+01
2.800332715148448615e-01
4.402559189034029430e+00
4.047109701473891263e+00
4.001544519877783479e+00
6.933867497962918902e-01
2.243104862872932759e-01
1.580422968921975757e+00
1.226248424201310083e+00
1.341804891365227803e+01
1.318308110250162279e+01
1.649049683984247139e+01
1.580271164637896852e+01
9.092445282588963451e+00
7.754227261448344954e+00
1.292422583136879943e+01
1.152547031316750115e+01
5.112426955853027088e+00
3.649689028238984889e-01
5.105066519737053277e+00
4.119347807435882913e+00
1.077950975808539047e+00
5.014094212704867104e-01
2.260629689036023571e+00
1.115723522331817819e+00
1.396699039003213905e+01
1.305933559800024746e+01
1.621863205078740222e+01
1.573373244640488799e+01
9.733252071899819668e+00
9.372242573671728749e+00
1.330624398761542970e+01
1.194819811874498150e+01
3.924209243010670090e+00
4.905266957642981041e+00
5.115635447739217412e+00
5.703025057363501737e+00
5.247224150148745991e-01
7.871517698168729593e-01
1.653813079095648009e+00
1.834477643908653421e+00
1.509732223699020714e+01
1.313370469076354219e+01
1.540884021997331210e+01
1.485893001547746906e+01
1.044234381730865024e+01
9.305513917975925864e+00
1.342691108631515817e+01
1.219433415561080558e+01
1.631148260114600790e+00
0.000000000000000000e+00
5.101099264370414943e+00
4.144525581519465263e+00
1.931571282771242348e+00
1.599489116652170750e+00
2.094181540015954468e+00
1.842632074625642602e+00
1.546114940430512874e+01
1.548847228185896263e+01
1.457071656094944601e+01
1.542211979072078520e+01
1.139293824075255301e+01
1.102189006174793562e+01
1.356713174129318134e+01
1.212943693382287513e+01
5.378795092271998257e+00
6.240499865170258786e+00
5.389506967807721871e+00
4.322340642983780512e+00
1.090751729891714872e+00
4.877077652970801536e-01
2.217430141850342373e+00
2.265375353889066190e+00
1.609330525846701221e+01
1.505453715969199635e+01
1.389626508535932636e+01
1.455584279974877759e+01
1.256596447278396411e+01
9.860043655918712346e+00
1.248848725353618860e+01
1.262671407417967551e+01
7.284335627522099621e+00
1.365753933480320370e-01
5.743374228365589751e+00
2.383194399313902423e+00
8.317371487010873921e-01
1.085577660018869794e+00
1.925080449761932933e+00
1.898955210299381413e+00
1.604205315526116138e+01
1.438672203468617639e+01
1.410319899107431496e+01
1.432970354311621008e+01
1.302515035655146747e+01
1.116130941210610850e+01
1.374284561256654591e+01
1.245398003835816425e+01
9.275796257261269551e-01
1.618506513183958662e+00
5.262570863276456734e+00
4.629548007464938664e+00
2.962049340672519460e+00
6.177500589705220424e-01
2.307731966740889540e+00
1.694728148590840533e+00
1.536587535203122279e+01
1.587692604603611457e+01
1.403785717705540748e+01
1.452083482649234192e+01
1.303667859936439122e+01
1.082392890942049135e+01
1.372504383191823152e+01
1.255270612752050141e+01
2.084537422132350937e+00
8.345886199827088348e-01
5.652107543744648410e+00
4.024355725329862743e+00
8.829794014488964171e-01
3.523721112343757955e+00
1.737858289604586659e+00
2.024310306158232819e+00
1.572929829158286807e+01
1.531302233124339551e+01
1.394283174016683624e+01
1.487021436137269959e+01
1.324660017756993824e+01
1.217265386635242308e+01
1.290528328470673003e+01
1.251869457635493177e+01
9.211485374141799909e+00
1.227232332025605288e+01
1.400841433508323597e+01
9.585316969785679930e+00
5.955814872494782364e+00
7.502368900219867243e+00
6.132056644042646276e+00
6.818567464245599119e+00
9.762032229615012824e+00
9.631330672669825788e+00
1.212740188952264475e+01
1.116915623512296385e+01
7.807145738202868834e+00
7.078800591573807033e+00
1.055688487704346556e+01
9.635185320906149542e+00
9.629762238500088500e+00
1.241271263801617053e+01
1.468838347920423715e+01
1.376814202937855214e+01
1.645882206496364963e+00
6.646576234325540788e-02
6.717682390866817954e+00
5.746120395634028988e+00
1.015659913272458859e+01
9.644711005987778307e+00
1.134585617893673870e+01
1.140337075121299115e+01
8.258556493329788140e+00
8.013397205812820445e+00
9.981755152999802760e+00
9.955976095143908466e+00
1.555728760572251268e+01
6.563842914089512703e-02
1.591527383554516639e+01
1.534297007392375711e+01
2.107624105249428670e+00
1.236446861371314071e-01
7.445660669046865188e+00
6.319227449731068091e+00
1.035463459021503851e+01
1.004688933706029097e+01
1.067331076455142025e+01
1.078505937880236587e+01
8.867082052925651325e+00
8.577347887528015136e+00
1.109418025258676366e+01
1.012253908060791296e+01
1.096738462972174233e+01
1.356632435270009118e+01
1.631518861961388822e+01
1.624971854931737170e+01
5.761256121459171098e+00
6.818211084222216556e-01
8.162574616720707610e+00
8.395895083697178407e+00
1.143763785300367353e+01
8.363496584784885002e+00
9.908673334589586545e+00
1.040491960099947555e+01
9.295215936812047275e+00
9.010238819303291180e+00
1.066126829356042194e+01
1.012981938072040933e+01
2.186720509291690817e+00
0.000000000000000000e+00
1.638306424391816307e+01
1.440220437667374398e+01
8.147360728532538232e+00
2.754456837576574557e+00
7.718578523757869903e+00
7.177595545367490004e+00
1.184449101920824354e+01
1.231596176526424102e+01
9.393884473850933503e+00
1.004558729458445399e+01
9.964909313422147363e+00
9.975165175103345661e+00
1.044481535454063170e+01
9.685390125392988381e+00
1.773691449406451426e+01
1.488504411588829157e+01
1.623891381822941327e+01
1.437631573416889275e+01
9.516041721832040778e+00
2.231318371943356471e+00
1.015851660287490787e+01
8.362080826925192056e+00
1.147793183806731143e+01
1.163268061275215537e+01
8.433826323798335522e+00
9.040915864330434815e+00
1.092665610291789058e+01
8.704383573340434666e+00
9.604463543074830412e+00
1.043131661687159983e+01
1.866210693979668633e+01
0.000000000000000000e+00
1.681782093342160778e+01
9.925415646688193760e+00
6.756224192171697673e+00
1.843916744511995942e+00
8.945972853694874161e+00
7.262966821669280648e+00
1.094799661992934503e+01
1.092181420644446987e+01
9.030827390172589730e+00
9.674830946391791642e+00
1.059708989610166618e+01
9.137637799421854723e+00
1.119627236242400237e+01
1.015477945949153238e+01
1.393466823059535287e+01
6.984294872196983306e-02
1.665875986128861541e+01
1.340669724807117191e+01
9.994418552741361594e+00
1.419691835720733541e+00
9.190556788637767482e+00
6.885573893505208432e+00
1.082463789657884057e+01
1.094303715300612012e+01
9.092773101578373485e+00
9.593300732272121323e+00
1.086416622888847705e+01
9.479608714325463481e+00
1.065081811949574941e+01
1.027106900110093335e+01
1.503066976471027694e+01
1.943551060744487913e+00
1.699541525612296056e+01
1.461889174253591328e+01
9.418654759210179250e+00
1.107599916892153757e+00
7.730785356884198656e+00
8.232008475878904719e+00
1.021302962923503621e+01
1.065945676339916837e+01
8.509526606408872595e+00
9.640136097907346269e+00
1.052528322118955195e+01
1.072614464140327506e+01
1.032028319205785039e+01
1.006231290050673088e+01
5.305171083091285489e+00
1.427526103024517390e+01
1.997012635619328336e+01
1.704078739270813259e+01
7.768160664401195348e+00
9.663318720284395980e+00
1.169213867228184434e+01
1.094138752347535792e+01
1.048761853083126638e+01
9.919150546031863414e+00
1.140496540053422692e+01
1.131259997726645139e+01
1.000962122778873464e+01
9.057299254850120107e+00
1.218387316439882007e+01
1.157351783906425169e+01
1.556425487218284864e+01
1.467806529029587814e+01
2.029769703910163514e+01
1.858920444944306638e+01
2.232158050797913518e+00
8.320795130267395756e-02
1.332890311244634418e+01
1.065472358448736578e+01
1.094526586544904490e+01
9.246278426662124517e+00
1.016791069499627476e+01
1.080842344788811005e+01
1.062292060377440706e+01
1.025556069559883099e+01
1.081451326565219695e+01
1.145719958218319690e+01
1.328554873520577573e+01
0.000000000000000000e+00
2.053361537675045767e+01
1.899745972304560837e+01
7.027321277186422854e+00
1.158112989047531549e+01
1.324763349385120748e+01
1.197934121192494850e+01
1.075833392854244686e+01
1.096496620745636719e+01
9.787507700935284660e+00
9.459790388408521267e+00
1.128915161437186399e+01
8.473851511067575615e+00
1.255015324881053296e+01
1.156312532531406134e+01
1.734653072269290064e+01
1.614179290144769752e+01
2.051953356067599188e+01
1.907738798640794187e+01
1.279733715139073880e+01
5.981338469675225866e-01
1.249438971418299538e+01
1.277564788276619723e+01
1.202949863599540592e+01
8.132242425473410918e+00
9.048459834086751030e+00
9.782358207460454480e+00
1.104165778260701991e+01
1.190608816923279356e+01
1.135396214063349341e+01
1.132013435884377550e+01
1.804449893217362089e+01
0.000000000000000000e+00
2.063776343398411584e+01
1.884844575708121184e+01
1.188480617807353923e+01
1.313332210046747583e+01
1.325824224938595997e+01
1.271503133258319096e+01
1.137807381862841716e+01
1.257908609145549228e+01
8.424219684266361696e+00
9.091986710411397610e+00
1.159060419486685234e+01
1.303155818727951321e+01
1.135274291819978920e+01
1.081841092121666037e+01
1.823795596955921638e+01
1.684666277902296372e+01
2.071572910108655563e+01
1.911794038464160295e+01
1.206858596232205549e+01
2.141792886715893740e+00
1.439475503705785009e+01
1.263427123631212012e+01
1.065616338095532178e+01
1.167953736166703749e+01
7.703836529161905311e+00
7.980976743782937533e+00
1.249907364688153244e+01
9.717876553890349101e+00
8.249133592366554524e+00
1.157782303323534379e+01
2.058844089927954357e+01
0.000000000000000000e+00
2.079036734409683973e+01
1.854313676873025329e+01
1.306689418321622576e+01
1.219252450809607247e+01
1.442559360364838739e+01
1.240591636645616269e+01
1.024559029585600811e+01
9.912239641170046411e+00
7.707017738831656750e+00
8.908463574286239250e+00
1.215839509840631116e+01
1.091641013219568102e+01
1.188928400393053941e+01
1.099514096308290689e+01
1.948096851777566130e+01
1.974264254677185093e+01
2.066226009810156583e+01
1.947034403040029815e+01
1.370428144206072929e+01
1.306670634890352112e+01
1.357474918384578544e+01
1.189319473724507503e+01
9.501712494559756195e+00
1.052126049758079596e+01
8.155801000153067193e+00
8.746110666021312596e+00
1.263684020250482831e+01
1.162548178039137703e+01
1.162934795962249268e+01
1.119932444142281192e+01
4.308529978827088103e-01
4.607389871962048744e-01
2.060106627727286011e+01
1.955424585821474537e+01
1.316519926990740252e+01
1.185272138555173882e+00
1.431673309720261322e+01
1.278014685080391288e+01
9.371762749697140293e+00
9.504027041264977882e+00
7.504034715310545778e+00
9.207673097731218448e+00
1.151016127842898307e+01
1.342105321214484981e+01
1.095906088483520158e+01
1.116627558491673256e+01
1.503544517787030443e+01
1.651356360110987964e+01
2.098695202636214319e+01
2.052072895550952580e+01
9.746095189579088824e+00
1.192160886551596732e+01
1.639184009045630930e+01
1.498282663839967199e+01
1.066017501801402823e+01
9.611779832053301220e+00
9.982600477357829405e+00
1.058478719796131173e+01
1.215949276385190281e+01
1.132722546789245044e+01
1.272496626543847498e+01
1.253171698246852905e+01
1.790977449154982892e+01
1.717294672412249668e+01
2.078008113523848266e+01
1.892421394564893689e+01
8.752659658433207923e+00
1.331081690855920918e+01
1.665502118458465119e+01
1.542124668809780985e+01
1.116450451293087553e+01
9.507931848607983127e+00
8.636163932166670776e+00
8.973717843556428875e+00
1.323875798378580448e+01
1.350086538404391234e+01
1.117114265116604166e+01
1.185030802558503282e+01
0.000000000000000000e+00
0.000000000000000000e+00
1.981939309493100865e+01
1.868441785233315144e+01
1.368655835614012695e+01
1.282274314728107711e+01
1.662052273858468610e+01
1.534825325839138799e+01
9.832365130006046172e+00
1.104903526686330295e+01
8.340780934464978813e+00
7.685641093704465021e+00
1.336924195328891862e+01
1.068343187937035310e+01
1.273292734913876778e+01
1.238034526600762497e+01
1.984218496033718893e+01
1.820807860381811238e+01
1.972384947265992849e+01
1.915260675854110772e+01
1.556071770698841306e+01
1.399321058124392891e+01
1.668217713992162388e+01
1.561516255686557919e+01
1.147612516047233022e+01
7.818141063384858036e+00
7.819832241310098908e+00
8.455272110542143338e+00
1.106035187286757981e+01
1.251935786486571089e+01
1.155436836198376938e+01
1.161222250144320967e+01
1.991245544506802290e+01
0.000000000000000000e+00
2.012094385750896919e+01
1.883548050324663237e+01
1.446869918080506778e+01
6.185630112290496641e-01
1.679671174475557649e+01
1.563623117822208464e+01
1.059477577268267545e+01
1.163359584208780539e+01
6.941439700878845542e+00
8.183721822085546549e+00
1.218961470896152477e+01
1.567346589620827757e+01
1.152351709082047648e+01
1.145850930862696515e+01
1.975057961535801354e+01
2.165270492197340246e+01
2.027217351676828727e+01
1.962249776036628646e+01
1.618539281230657778e+01
1.402861060470316978e+01
1.698102997606709863e+01
1.583445058146482687e+01
9.589158227457533101e+00
1.107218602771353311e+01
6.465056069362720592e+00
6.874047441520704460e+00
1.392897455900690318e+01
9.941880777038910821e+00
7.500543969470044203e+00
1.198744282158600427e+01
2.205144251579442383e+01
0.000000000000000000e+00
2.027009348792454446e+01
2.016624154028763627e+01
1.700077502964819232e+01
1.616950365264606404e+01
1.699139154824796449e+01
1.591414572756663404e+01
9.456944803531351695e+00
8.067833479627292803e+00
6.878942384277878297e+00
7.851658535545933404e+00
1.214970417248355972e+01
9.117952384094802909e+00
1.225203315377528135e+01
1.174486904995223036e+01
1.799457878675236344e+01
0.000000000000000000e+00
1.992474681653162349e+01
1.988449424830026757e+01
1.370903732905590289e+01
1.522558035990799574e+01
1.708222011032582444e+01
1.581088751197698983e+01
8.746484841028733470e+00
9.396050170722952899e+00
7.267522394156695320e+00
7.090444218084167360e+00
1.294443805528971403e+01
1.443363869337770389e+01
1.214958211954933631e+01
1.162325057919881921e+01
2.523258503312152956e-01
2.136708263094712379e+01
1.994932956887801723e+01
2.133665160588088838e+01
1.704810405662417239e+01
8.432940945614717521e-01
1.705760396339073992e+01
1.589857870398833484e+01
7.784268299265323598e+00
8.244159235667085639e+00
6.278790866824717654e+00
8.447733471091215307e+00
1.136223058382677742e+01
1.388917079753747608e+01
1.062614941894426046e+01
1.179997172532082672e+01
0.000000000000000000e+00
1.892385974489966571e+01
1.884292166036761884e+01
2.036518887066428718e+01
1.643376482985323861e+01
1.448188138398195335e+01
1.859148083600415191e+01
1.683210410376478094e+01
1.064290675224497029e+01
9.558875594366954331e+00
8.620956443418775095e+00
8.341047093533102696e+00
1.409991245596977727e+01
1.121145205905822984e+01
1.219368042632074101e+01
1.328483075806492764e+01
2.237184474795361311e+01
0.000000000000000000e+00
1.914043996642535106e+01
1.772902465253116588e+01
1.675674716756726212e+01
1.846798115417017172e+01
1.813541383526061423e+01
1.779298507282662101e+01
9.903059167871615998e+00
8.457122383776596308e+00
6.874442192418236175e+00
7.494540660602795334e+00
1.436038957069747291e+01
1.615249087786024873e+01
9.926959643863286331e+00
1.221201566086735824e+01
0.000000000000000000e+00
0.000000000000000000e+00
1.644932292989688705e+01
1.656853315763170897e+01
1.848269780770059612e+01
1.493478862467138235e+01
1.828135731122719321e+01
1.797937314386661356e+01
8.626664125377928372e+00
1.081233990433709202e+01
6.677039518223160997e+00
7.073052578807707214e+00
1.372086748708588821e+01
0.000000000000000000e+00
1.318796737317580359e+01
1.267528016093460685e+01
1.808164418415062258e+01
2.319630438064868727e+01
1.664226646235660212e+01
1.642370621451173562e+01
1.600126048322790595e+01
0.000000000000000000e+00
1.831331985780911609e+01
1.640961563872976825e+01
9.613873980772144279e+00
6.176838725274378383e+00
6.596702490224187088e+00
7.669047033077270648e+00
1.038610818105089173e+01
1.505914582465862672e+01
1.128804946376721752e+01
1.106753219962247847e+01
0.000000000000000000e+00
0.000000000000000000e+00
1.755705384962397986e+01
1.712401963823144513e+01
1.713621993429651624e+01
0.000000000000000000e+00
1.833945803184516521e+01
1.686636063290775311e+01
9.654244316813910487e+00
9.571237910068155941e+00
5.538013223214901970e+00
7.257827908682540574e+00
1.227921440765621774e+01
1.694299290855508744e+01
1.020871756995238400e+01
1.105271008496512231e+01
0.000000000000000000e+00
2.334946474976721120e+01
1.764478084467936014e+01
1.846075440970604120e+01
1.717524138612118279e+01
1.629456546673635842e+01
1.779026970453232082e+01
1.742974473567687710e+01
8.514381917928357524e+00
1.058010723071095249e+01
5.400870642022367996e+00
5.465942325121160295e+00
1.511749306192821685e+01
1.139655551923369892e+01
6.809297333489756632e+00
1.142064840649167046e+01
1.943465416273037860e+01
0.000000000000000000e+00
1.766502037386720048e+01
1.924650840203973701e+01
1.900796157251927809e+01
0.000000000000000000e+00
1.750729174551146983e+01
1.774795880594032127e+01
6.837098114809223581e+00
4.655774778176883011e+00
5.698160793581537042e+00
7.389195955691258533e+00
1.045653049958344027e+01
1.093301510035196067e+01
1.197502822256058153e+01
1.130082057089322056e+01
0.000000000000000000e+00
0.000000000000000000e+00
1.670837718016121087e+01
1.962302438313562547e+01
1.177895228199409239e+01
1.753020865433894571e+01
1.785245489279008524e+01
1.812741659028662156e+01
6.772683275756447685e+00
7.922546870438056388e+00
5.210168329867995496e+00
5.250862071275576248e+00
1.382194819302092803e+01
1.627624749980686758e+01
1.200229818632325340e+01
1.130483220116035881e+01
2.116317218098330599e+01
2.324973519411347667e+01
1.724345715669194945e+01
1.908870009610886953e+01
1.912189001615766770e+01
1.768878746447356320e+01
1.755719250367260642e+01
1.481071142095090565e+01
5.701048436935777453e+00
8.863794485462056727e+00
4.961540310253354846e+00
6.199822011263841581e+00
1.157216519608356364e+01
1.372182622942516694e+01
1.043007951136811862e+01
1.120943973570755148e+01
4.172595532270965274e-02
1.406830776922694121e-03
4.973406531267471516e-03
2.028100083126327564e-03
8.395721971554558072e-02
1.112892264131153976e-02
6.826567134583124558e-03
2.968260071199401752e-03
1.424538037995824735e-01
3.000477311557452412e-02
7.839103750882141231e-03
4.051854760121253833e-03
1.118025832918564388e-01
8.444827029948939398e-03
9.435428032350813912e-03
4.263328666468035530e-03
3.779773020953094975e-02
2.774916619118837462e-03
3.625917086870854896e-03
1.841295661056350456e-03
2.861652931667699185e-02
3.560050715991866857e-03
6.540842326524061966e-03
3.053816432113297397e-03
1.098062516492616797e-01
2.067078972357833458e-02
5.988200496622568536e-03
2.920442780649346905e-03
6.978478819008139544e-02
1.244051037603595596e-02
6.013550280112955719e-03
3.090639096624378263e-03
3.441602873345197405e-02
4.767403518116872241e-03
2.539364267454525224e-03
2.020117170201707422e-03
2.397191421628288438e-02
3.837234415052149898e-03
3.904532388782338843e-03
2.513400007088468537e-03
6.227354341529504206e-02
9.538365455769833370e-03
3.819326759917408571e-03
2.075708621695279352e-03
4.380874504519812612e-02
1.537095268093185453e-02
5.104589474177453901e-03
2.164571056797578476e-03
9.251327818980734086e-03
4.646528251630904077e-03
1.664140467803453026e-03
1.140150131623179734e-03
1.066021248101437467e-02
8.972374268373724693e-04
2.517598765423016000e-03
1.258743548126722714e-03
3.236784070417397796e-02
5.119171957075796704e-03
2.240514946045847437e-03
1.088935436808495484e-03
2.846741324778389454e-02
5.876918520264302198e-03
3.438603714950804868e-03
1.314056566756482969e-03
0.000000000000000000e+00
0.000000000000000000e+00
1.682681771697502882e-16
3.903127820947815962e-18
0.000000000000000000e+00
0.000000000000000000e+00
1.734723475976807094e-17
1.734723475976807094e-18
3.413935800722356362e-15
5.204170427930421283e-17
2.567390744445674500e-16
1.647987302177966740e-17
6.522560269672794675e-16
3.469446951953614189e-18
2.949029909160572061e-17
6.765421556309547668e-17
0.000000000000000000e+00
0.000000000000000000e+00
0.000000000000000000e+00
0.000000000000000000e+00
0.000000000000000000e+00
0.000000000000000000e+00
0.000000000000000000e+00
0.000000000000000000e+00
0.000000000000000000e+00
0.000000000000000000e+00
0.000000000000000000e+00
0.000000000000000000e+00
0.000000000000000000e+00
0.000000000000000000e+00
0.000000000000000000e+00
0.000000000000000000e+00
0.000000000000000000e+00
0.000000000000000000e+00
0.000000000000000000e+00
0.000000000000000000e+00
0.000000000000000000e+00
0.000000000000000000e+00
0.000000000000000000e+00
0.000000000000000000e+00
0.000000000000000000e+00
0.000000000000000000e+00
0.000000000000000000e+00
0.000000000000000000e+00
0.000000000000000000e+00
0.000000000000000000e+00
0.000000000000000000e+00
0.000000000000000000e+00
0.000000000000000000e+00
0.000000000000000000e+00
0.000000000000000000e+00
0.000000000000000000e+00
0.000000000000000000e+00
0.000000000000000000e+00
0.000000000000000000e+00
0.000000000000000000e+00
0.000000000000000000e+00
0.000000000000000000e+00
0.000000000000000000e+00
0.000000000000000000e+00
0.000000000000000000e+00
0.000000000000000000e+00
0.000000000000000000e+00
0.000000000000000000e+00
0.000000000000000000e+00
0.000000000000000000e+00
0.000000000000000000e+00
0.000000000000000000e+00
0.000000000000000000e+00
0.000000000000000000e+00
0.000000000000000000e+00
0.000000000000000000e+00
0.000000000000000000e+00
0.000000000000000000e+00
0.000000000000000000e+00
0.000000000000000000e+00
0.000000000000000000e+00
0.000000000000000000e+00
0.000000000000000000e+00
0.000000000000000000e+00
1.021127000974243332e-01
5.865642335261600504e-03
1.144321326284687516e-02
6.091569660014249654e-03
1.307463215300246617e-01
3.856027043766388496e-02
1.631635146406201775e-02
8.574991705953648527e-03
2.999041423951295249e-01
7.979911184528823420e-02
1.498063156663405858e-02
1.002997898084371543e-02
2.478337393803752287e-01
2.313253748578910501e-02
1.918144745054307584e-02
1.092749460676426844e-02
7.335541589426816667e-02
1.552091158831176224e-02
8.720747730669602127e-03
6.391258933245184612e-03
5.259313074155728268e-02
1.954960328391190053e-03
1.204577137141935386e-02
9.033315346779048280e-03
2.503870831696040633e-01
5.644550905955562914e-02
1.190671870474882890e-02
8.028313747577816087e-03
1.724868969639673510e-01
4.725758537816218685e-02
1.398504039834974795e-02
8.889170242011541073e-03
8.552036024392287161e-02
1.420842105020918983e-02
6.726909710849270606e-03
5.589484858268360494e-03
9.868879416683028205e-02
2.560186175108734169e-02
7.737522608194982374e-03
6.774447163233593590e-03
1.880005244035140577e-01
3.637760952023019745e-02
9.533006663526914087e-03
6.350750677224921599e-03
1.251950659851444325e-01
4.034375986893016380e-02
1.162006082601836979e-02
6.816799437100225928e-03
2.804665029933161441e-02
1.394916983977725726e-02
4.425779502626898780e-03
3.512151273273558978e-03
3.282900932486244178e-02
3.112787634321031137e-03
6.875943744666137593e-03
3.786973340399422960e-03
9.471932324658195734e-02
2.333130527384599112e-02
6.621046159132527691e-03
4.302539505945378664e-03
7.547126551841917830e-02
2.004927871271378753e-02
8.060896063720679461e-03
4.651255192525207555e-03
1.544496283695599020e-02
5.821419732027075661e-03
3.231437714273469996e-03
2.110705788288226841e-03
3.739947865268518357e-02
4.773977766575617648e-03
4.901721857347900516e-03
2.214013400804781210e-03
5.647962359910165681e-02
1.479222764558029216e-02
3.728925024149771714e-03
2.379556755386044633e-03
4.809893148988811373e-02
2.211772926025368582e-02
5.405138165802220347e-03
2.853806309510656652e-03
0.000000000000000000e+00
8.501811947051969576e-03
1.804112415015879378e-16
8.626177001981053182e-18
8.326672684688674053e-17
0.000000000000000000e+00
5.204170427930421283e-17
1.069059180100178936e-03
7.660538869913580129e-15
3.469446951953614189e-17
7.424616477180734364e-16
1.977584762613560088e-16
1.276756478318930021e-15
6.938893903907228378e-18
7.979727989493312634e-17
1.873501354054951662e-16
0.000000000000000000e+00
0.000000000000000000e+00
0.000000000000000000e+00
0.000000000000000000e+00
0.000000000000000000e+00
0.000000000000000000e+00
0.000000000000000000e+00
0.000000000000000000e+00
0.000000000000000000e+00
0.000000000000000000e+00
0.000000000000000000e+00
0.000000000000000000e+00
0.000000000000000000e+00
0.000000000000000000e+00
0.000000000000000000e+00
0.000000000000000000e+00
0.000000000000000000e+00
0.000000000000000000e+00
0.000000000000000000e+00
0.000000000000000000e+00
0.000000000000000000e+00
0.000000000000000000e+00
0.000000000000000000e+00
0.000000000000000000e+00
0.000000000000000000e+00
0.000000000000000000e+00
0.000000000000000000e+00
0.000000000000000000e+00
0.000000000000000000e+00
0.000000000000000000e+00
0.000000000000000000e+00
0.000000000000000000e+00
0.000000000000000000e+00
0.000000000000000000e+00
0.000000000000000000e+00
0.000000000000000000e+00
0.000000000000000000e+00
0.000000000000000000e+00
0.000000000000000000e+00
0.000000000000000000e+00
0.000000000000000000e+00
0.000000000000000000e+00
0.000000000000000000e+00
0.000000000000000000e+00
0.000000000000000000e+00
0.000000000000000000e+00
0.000000000000000000e+00
0.000000000000000000e+00
2.038912400903913347e-01
1.746761645867683788e-02
4.110725787453338498e+00
3.300980714675811001e+00
2.855564606461037935e-01
1.053508709844032665e-01
5.293992061183449671e+00
1.912916281526823914e+00
6.170005408380846434e-01
1.955191892562894163e-01
6.163047500069021467e+00
4.636313374654000619e+00
5.226048329740854426e-01
8.687979968197362401e-02
5.218087606807536361e+00
3.838548414182072932e+00
9.588408012964240446e-02
4.864992291149076997e-02
7.293083457585811225e+00
3.545650588589547958e+00
1.746120822645283177e-01
1.178609285343839609e-02
6.326231470193576456e+00
4.503963521477632348e+00
5.015824230410794726e-01
1.565849260174320967e-01
7.498059766689312511e+00
5.292082450867878762e+00
3.625048274434779505e-01
1.130596977719942053e-01
1.191633067136820046e+01
4.357804188515018495e+00
2.472050484236902879e-01
4.634929823361673418e-02
4.846526496078101154e+00
2.967276983856989681e+00
2.364783528163393600e-01
5.984834893210466689e-02
5.257316945137142206e+00
3.718292154896214452e-01
4.072035164034821242e-01
1.105081482722385516e-01
5.556144976234548061e+00
2.918271404372926980e+00
2.678094499973777132e-01
9.753000879733784989e-02
3.859023375208259665e+00
2.769901574560162949e+00
5.791002965647807504e-02
5.493945693801085411e-02
8.416724308842074009e-01
9.861410596542051765e-01
7.680064523440501001e-02
2.965508085790188181e-02
1.077981394868132048e+00
2.455177814361807209e-01
3.040404712033369372e-01
8.170083341603882887e-02
3.296255278389889298e+00
2.380067765843957961e+00
2.195280457933367624e-01
8.977833927414620441e-02
2.533830704140160428e+00
1.780823072086543668e+00
4.788910585698692712e-02
1.555234834010645051e-02
1.328518910403554409e+00
2.369758583161713505e-01
1.064813037847204408e-01
1.675816764376207579e-02
3.513519465443552203e+00
1.994069164132919736e-01
1.745485063526692193e-01
5.750418271258592173e-02
1.117668698396460103e+00
7.959706230705011487e-01
1.648827228101761022e-01
4.557653541912316808e-02
1.470611219032708361e-01
8.378357068546560260e-01
8.896908194029394534e-02
2.949980012465517124e-02
2.098509589226235927e-01
1.233376290786089152e-01
7.263118350410489865e-02
5.676570254621842414e-03
2.174558934199351534e-01
1.979377568691072842e+00
9.000325371237040406e-02
3.765128197801826532e-02
6.076333321986437941e-01
2.235289096184415458e-01
1.099998791440798401e-01
2.391274395657257482e-02
2.529797889505298603e+00
2.450854524001080392e-01
0.000000000000000000e+00
0.000000000000000000e+00
1.421085471520200372e-13
3.197442310920450836e-14
5.551115123125782702e-17
0.000000000000000000e+00
7.815970093361102045e-14
1.776356839400250465e-14
6.661338147750939243e-15
2.498001805406602216e-16
5.590095334204719935e-01
6.679101716144941747e-13
1.554312234475219157e-15
1.387778780781445676e-17
5.684341886080801487e-14
0.000000000000000000e+00
0.000000000000000000e+00
0.000000000000000000e+00
0.000000000000000000e+00
0.000000000000000000e+00
0.000000000000000000e+00
0.000000000000000000e+00
0.000000000000000000e+00
0.000000000000000000e+00
0.000000000000000000e+00
0.000000000000000000e+00
0.000000000000000000e+00
0.000000000000000000e+00
0.000000000000000000e+00
0.000000000000000000e+00
0.000000000000000000e+00
0.000000000000000000e+00
0.000000000000000000e+00
0.000000000000000000e+00
0.000000000000000000e+00
0.000000000000000000e+00
0.000000000000000000e+00
0.000000000000000000e+00
0.000000000000000000e+00
0.000000000000000000e+00
0.000000000000000000e+00
0.000000000000000000e+00
0.000000000000000000e+00
0.000000000000000000e+00
0.000000000000000000e+00
0.000000000000000000e+00
0.000000000000000000e+00
0.000000000000000000e+00
3.888522312078396825e-01
5.744532060693724462e-02
2.039643913975518785e+01
1.228227701269993943e+01
4.741007912713107730e-01
2.633102418288734703e-01
1.813538019064165852e+01
9.747185770246950653e+00
1.224771193093094901e+00
4.517954212593833785e-01
2.258969445876954651e+01
1.452392524760746895e+01
1.004404140777945820e+00
2.730976521695089865e-01
2.000923627533382287e+01
1.190209326532755441e+01
1.846877577956274608e-01
9.874177979109960424e-02
1.960310167589821972e+01
1.224882392274738763e+01
7.392056263274657812e-01
7.898797693674355913e-02
1.705013345197799879e+01
1.071167799788780606e+01
1.040844746919930230e+00
3.901984769397987551e-01
2.319259640502803421e+01
1.519172465991241694e+01
7.804416243704667133e-01
2.998007017741359803e-01
2.066116194181997656e+01
1.237473323842836770e+01
6.222418848229580579e-01
1.232843768620148217e-01
1.884719772054894449e+01
9.381123166637364008e+00
5.381293952175913997e-01
1.297378460052674432e-01
1.797884442541607797e+01
9.488570894735946837e+00
8.543129240941439440e-01
2.601176277225387135e-01
2.294121153077298914e+01
1.452109823798264365e+01
6.270781097674653637e-01
2.622115432984959416e-01
2.043958027470949546e+01
1.189748483531674772e+01
9.606098732603687851e-02
1.795348615522484315e-01
1.795336775285131026e+01
5.781247596717218329e+00
1.780387095514261442e-01
6.872300859180387189e-02
1.710597910411378919e+01
9.366434147660481102e+00
6.989505124982365869e-01
2.249287844589552832e-01
2.250621182241776452e+01
1.345598202649860120e+01
5.333262740933079060e-01
2.114440373115815397e-01
1.985640211683258016e+01
1.113852025915948829e+01
1.653644105302040090e-01
5.596455103418071508e-02
1.752129218094125918e+01
8.877041674076560085e+00
3.241021644099566501e-01
6.282200994326214705e-02
1.678931837511180802e+01
7.978103817273136222e+00
5.589883573040829168e-01
1.796993539888633862e-01
2.164246159613714227e+01
1.328394889348124863e+01
4.205697856795345690e-01
1.846828354195482746e-01
1.911710724802820494e+01
1.048577863455187398e+01
1.748784450060026918e-01
7.212747356870313764e-02
1.727002580421379108e+01
8.175921988573271904e+00
1.477840994815905196e-01
4.872252565471274499e-02
1.665473086969789662e+01
8.731583857757847511e+00
2.962834213098066716e-01
1.316361699293847054e-01
2.032080836348657016e+01
1.148964909536283052e+01
2.932168829499934848e-01
8.412213342720251119e-02
1.831738057080665882e+01
9.678544889183349653e+00
3.682478154688214461e-02
3.648985957181397066e-03
1.719279117030766812e+01
8.645173004726496302e+00
7.086024332532346592e-02
2.229243344035603674e-02
1.637752118387427913e+01
8.298134067810863712e+00
2.019682665494756668e-01
7.321233161576345960e-02
1.857639526887089687e+01
1.018868616145096873e+01
1.321814520838898721e-01
8.690717540161052579e-02
1.709626992454011329e+01
9.217604791049222257e+00
1.110223024625156540e-16
0.000000000000000000e+00
1.705302565824240446e-13
2.131628207280300558e-14
0.000000000000000000e+00
0.000000000000000000e+00
4.973799150320701301e-14
3.552713678800500929e-15
1.265654248072678456e-14
4.440892098500626162e-16
1.520561454526614398e-12
5.897504706808831543e-13
1.776356839400250465e-15
0.000000000000000000e+00
1.350031197944190353e-13
4.263256414560601115e-14
0.000000000000000000e+00
0.000000000000000000e+00
0.000000000000000000e+00
0.000000000000000000e+00
0.000000000000000000e+00
0.000000000000000000e+00
0.000000000000000000e+00
0.000000000000000000e+00
0.000000000000000000e+00
0.000000000000000000e+00
0.000000000000000000e+00
0.000000000000000000e+00
0.000000000000000000e+00
0.000000000000000000e+00
0.000000000000000000e+00
0.000000000000000000e+00
2.420663598171488129e+00
8.856220400656145131e-03
2.510918422711222675e+01
1.870036277548617321e+01
8.731926473623740081e-01
5.946850658509987841e-01
2.282501191734653290e+01
1.622142524879910397e+01
2.365665190288724240e+00
9.343121004097322269e-01
2.561861152675842490e+01
2.067738475480848237e+01
1.920621081326538082e+00
4.740342054246285408e-01
2.502538740230074765e+01
1.815875692407545117e+01
9.259624055655406583e-01
2.868403775641636955e-01
2.588067272723856860e+01
1.952994505875331299e+01
1.637571499157040922e+00
4.187287788138344125e-02
2.467334599714192578e+01
1.686446230082321662e+01
1.964650927597970220e+00
9.707963834085449051e-01
2.591269772789210890e+01
2.099292464427951188e+01
1.467137407894672840e+00
6.153823160420163196e-01
2.138912677457121703e+01
1.859586844444459075e+01
1.629415601046931394e+00
2.420851256483709246e-01
2.427291912233562243e+01
1.728093871431824979e+01
1.546744119456641364e+00
2.605642619038074925e-01
2.232044147446108795e+01
1.591579109660663249e+01
1.883557156791913823e+00
5.528322677796115858e-01
2.638753825005569453e+01
2.107355036681173033e+01
1.370337622398008159e+00
4.706182982983695973e-01
2.491181300192774728e+01
1.818547501320907855e+01
3.517645005145048631e-01
5.893717327847024512e-01
2.405747180333172253e+01
1.624350133914071037e+01
3.047130039198115981e-01
4.177471129058339394e-01
2.333695847684123592e+01
1.462752164466341398e+01
1.590113717532911197e+00
5.383911612498109012e-01
2.636911423467670801e+01
2.081243661335865980e+01
1.222856584671699220e+00
4.451198928828148937e-01
2.514051061205396920e+01
1.775675537104553214e+01
1.134233486159687887e+00
3.657563535014884959e-02
2.369663731457173483e+01
1.541102320955375227e+01
4.537766303290735048e-01
2.603807658340485665e-01
2.252638170937501272e+01
1.453018752977173733e+01
1.291694851348969664e+00
4.474908973905524223e-01
2.659491857605911136e+01
2.023340439943185487e+01
1.010645155998841416e+00
4.539802608852199772e-01
2.458300980580705897e+01
1.712697953430785347e+01
2.821547105449019321e-01
1.551034037908678997e-01
2.319990697215391151e+01
1.485038608633746193e+01
2.965198609570345867e-01
1.294017353929179659e-01
2.176953843014518597e+01
1.436791508534914108e+01
1.042084225810961051e+00
3.513562949953601411e-01
2.627854286151911722e+01
1.944023992671307965e+01
9.069322971559493629e-01
1.752377165808568782e-01
2.489956659209249068e+01
1.646720596460954766e+01
2.523806971189089254e-01
1.368404963291480758e-02
2.285970603171303495e+01
1.366649649748085160e+01
2.141144649686967660e-01
6.799164261939068254e-02
2.205213406467565207e+01
1.356555034453837827e+01
6.814360909033089220e-01
2.339633465863449613e-01
2.597165902226189615e+01
1.805080545948713322e+01
5.157471678790590541e-01
3.633074044355779075e-01
2.404894956836638897e+01
1.562519126809260861e+01
8.374912326872450963e-02
2.361721174537290135e-02
2.241203409481992281e+01
1.213317058027427109e+01
2.165082869403759658e-01
2.950813862165566070e-02
2.105481957498740186e+01
1.151781028181815181e+01
4.539235997020352187e-01
1.198644930979341078e-01
2.441260027062822502e+01
1.441348942185004667e+01
3.906177695035500386e-01
9.875989799677593883e-02
2.332024002855585465e+01
1.284677834554361553e+01
0.000000000000000000e+00
0.000000000000000000e+00
1.072919530997751281e-12
3.508712690563640990e+00
4.440892098500626162e-16
3.795842874238282705e-01
2.131628207280300558e-14
3.197442310920450836e-14
2.264854970235319342e-14
4.884981308350688778e-15
1.968203378055477515e-12
6.927791673660976812e-13
8.881784197001252323e-15
0.000000000000000000e+00
2.486899575160350651e-13
3.481659405224490911e-13
5.522296542681406351e+00
1.234510525665766245e-01
1.875046264860401024e+01
1.823081201719099909e+01
1.098832505438241736e+00
1.073490304632101600e+00
1.815350529859162521e+01
1.679507783076395810e+01
4.548806647292204630e+00
1.902767837430644704e+00
1.797948602998139123e+01
1.773395164365703991e+01
3.872734382224719774e+00
8.159424775063944812e-01
2.031111562079575350e+01
1.684704784606392991e+01
1.282527429426340015e+00
2.816277339004291669e-01
2.008214290795256929e+01
1.942134371303598783e+01
3.796820791574897935e+00
9.229078012783327456e-02
2.039275758474667199e+01
1.606275671967410545e+01
4.399677131742743441e+00
2.360610740450291178e+00
1.760079486025949080e+01
1.754509860254534814e+01
3.640915929141767204e+00
1.826297682844766124e+00
1.432948744376263406e+01
1.644464710479123326e+01
3.802990967281756785e+00
1.417047799667163765e-01
1.897460404387565447e+01
1.867671596195701866e+01
3.000803857025044596e+00
1.004127046476960550e-01
1.678279753381124451e+01
1.481208688573860144e+01
3.999999713635016274e+00
1.716616649257676874e+00
1.873668504977137772e+01
1.828038481188847797e+01
3.176735216935624884e+00
8.764222609424889843e-01
1.901512882423569906e+01
1.666715703261642290e+01
6.173689985423669313e-01
1.645740326220882954e+00
1.976950852182758211e+01
1.580294146416772172e+01
5.159405020061199609e-01
6.653604507630331844e-01
1.930173044955956385e+01
1.496645424124621293e+01
3.678739697129404629e+00
1.579639201727466302e+00
1.880891996933701904e+01
1.849273867035373797e+01
2.674335439182934149e+00
9.741917717764360107e-01
2.085269326722681527e+01
1.683644442494697202e+01
2.889575009769561387e+00
4.238926742636950351e-02
1.884905241469740034e+01
1.559140868057177087e+01
6.854811502463616923e-01
6.179903960778070360e-01
1.852500578099112261e+01
1.442964140370617798e+01
3.465856887807674092e+00
1.335054981566809795e+00
1.929687472654305580e+01
1.765946219414117380e+01
2.672189563990928551e+00
8.034672163072282824e-01
1.790777753152886831e+01
1.648951547367573056e+01
6.392144734273207396e-01
3.407211064270878609e-01
1.894522859830684780e+01
1.464840110816334473e+01
1.975393235381726953e+00
2.449285647236253971e-01
1.732792495738708283e+01
1.360343729131713708e+01
2.758862972836007010e+00
1.013986635275259340e+00
1.948168432919919724e+01
1.830832920746300019e+01
2.387400169957215379e+00
5.985074715794920230e-01
1.896995284318064634e+01
1.612050698708887708e+01
4.745559180849119318e-01
1.632258537964670353e-04
1.818833313482771175e+01
1.391425970055527195e+01
3.896896353858832485e-01
2.559063095861957016e-01
1.818816566397354251e+01
1.364025829991892458e+01
2.399214628122980031e+00
9.462116662880057927e-01
2.049919395131279742e+01
1.810923172109013279e+01
1.755629142595902081e+00
1.049276730670608337e+00
1.958156308690065828e+01
1.559273399481988065e+01
1.614676774035276041e-01
8.477832812963814746e-02
2.137494796033399425e+01
1.370264475624682454e+01
1.622833253795158859e+00
2.161161528164903117e-02
2.068870826457640888e+01
1.309008946228006565e+01
1.738306809850262757e+00
5.346517808720296916e-01
2.379440378001779521e+01
1.742159268711096942e+01
1.349629517720517313e+00
2.616252948938429523e-01
2.286564025220801355e+01
1.499248886240607526e+01
2.061746867292585939e-01
1.123507835320769477e-01
2.216243038259311504e+01
1.272700845275374704e+01
2.488795214699339176e-01
1.300426715076277606e+00
2.143857816343841449e+01
1.172398117716019428e+01
1.065518616376629479e+00
2.928353751435678332e-01
2.442821029383706133e+01
1.475775967589810378e+01
1.232574120404329232e+00
2.888305785212857413e-01
2.289455809541425779e+01
1.299423959087677360e+01
1.117540033848047720e+01
6.376785903429293967e-01
1.192857793311397074e+01
1.534851355929569117e+01
5.879067662259918059e+00
1.716297426861114195e+00
1.380522167442049408e+01
1.429666741297031685e+01
9.181839406124908010e+00
4.669284982301894260e+00
1.136846071451327767e+01
1.384626027260737580e+01
8.101633664600639051e+00
1.177110605813528998e+00
1.369684173546585271e+01
1.350380968438303242e+01
8.341594869988290029e+00
7.243306447961206374e-02
1.275090057291271073e+01
1.324397394000999384e+01
7.772993926786236685e+00
6.414545701114438003e-01
1.191678148702033191e+01
1.304044990883738642e+01
9.444142579972652385e+00
6.016491343097074562e+00
1.091508844835549041e+01
1.295506442794155255e+01
8.238015696163849100e+00
5.753884604709469386e+00
4.853298640041869838e+00
1.290636253311348192e+01
7.876070430864933414e+00
1.809863901824089183e-01
1.332495666334304474e+01
1.449718740424911623e+01
6.602977954968081598e+00
4.875278894056688905e+00
1.297674399796428624e+01
1.298654888559811305e+01
9.182519969892950940e+00
4.303189052367307532e+00
1.178136229814328750e+01
1.385005910255949502e+01
7.677432915644302192e+00
1.618957754574593011e+00
1.180732119791198365e+01
1.323261212584078450e+01
8.466583077847794625e-01
4.637412200775717253e+00
1.493269168067653929e+01
1.373275584918722991e+01
9.936059740925174966e-01
7.364122012507454684e-01
1.597583960334074860e+01
1.219708916094061024e+01
9.018830971338930524e+00
4.155778277068469251e+00
1.218824712499225704e+01
1.400570438885756985e+01
7.220362082523147151e+00
1.906729975243122821e+00
1.395354316725721588e+01
1.391954744579829750e+01
7.675225552616369740e+00
0.000000000000000000e+00
1.382496922865724898e+01
1.371894845860239442e+01
1.585764914967967121e+00
4.416508832592924705e+00
1.386677230575554987e+01
1.261304767263080073e+01
8.650600115827110415e+00
3.688472031463288836e+00
1.268401527132509798e+01
1.372153827568291717e+01
6.538846273755534177e+00
3.917619865967668424e+00
1.276485467914409355e+01
1.362481962304869221e+01
6.842355665280089871e-01
6.274085409956846604e-01
1.360553093763449084e+01
1.260441887106122216e+01
5.952033900863107796e+00
2.805578178180200277e-01
1.148840822816296559e+01
1.180503207691958600e+01
7.800580291706888936e+00
3.030135601045060412e+00
1.303131276643062897e+01
1.472480610642963228e+01
6.468587405087705022e+00
1.703280194300534012e+00
1.076354856309038688e+01
1.342624705712639255e+01
2.210680786620374150e+00
1.405625539268573476e-01
1.290197218569245941e+01
1.146016073279285585e+01
3.781367881869844627e+00
3.339358333511331378e-01
1.270462314220648992e+01
1.191642436302449148e+01
7.054494770608172871e+00
3.119618236680382406e+00
1.386267072563687996e+01
1.505404091480821727e+01
5.231465899849831125e+00
2.982530083732343407e+00
1.276715660082454562e+01
1.324391040250958440e+01
3.611453909793964079e-01
5.573956485259179416e-02
1.594735237939214834e+01
1.196070434446644093e+01
3.643623724162224242e+00
2.818127087612822268e-01
1.597612375897636916e+01
1.199348737310279134e+01
5.879153628140048937e+00
2.414809018771177929e+00
1.749149702636020720e+01
1.569667675954276120e+01
4.676114766030260661e+00
2.495104405356463051e+00
1.792455777484909163e+01
1.352506176415879757e+01
2.575803867678471692e-01
2.257926106303003166e-01
1.860141495962162139e+01
1.163515084880418549e+01
3.016651839768208498e-01
3.718054534996637184e+00
1.736805282688779783e+01
1.166611907690525918e+01
4.932764134445561943e+00
1.725048114406921851e+00
2.086989203587579311e+01
1.544774445990038458e+01
4.393596781603450019e+00
6.022773784140514897e-01
1.934886590987048649e+01
1.331710665379469027e+01
0.000000000000000000e+00
1.526088813961825608e+00
1.346344728126793377e+01
1.402299250472600534e+01
1.288146830622056882e+01
1.602830219073364759e+00
1.170869181534871473e+01
1.319184593747258738e+01
1.231121860719488303e+01
6.105829314124802565e+00
1.398031416249997427e+01
1.476386308850643658e+01
1.295208281680914730e+01
1.369992992522611530e+00
1.321252171402518094e+01
1.335753935834860151e+01
2.079921138477683229e+01
1.177379079774631521e+00
6.525429783689569163e+00
8.627961586185795895e+00
1.715296738508596164e+01
1.456093146044910824e+01
6.942196412896521451e+00
1.005755629827432074e+01
2.211150279088907311e+01
1.550132664625912149e+01
6.061763924532512782e+00
8.586087995570489184e+00
1.988140029652077345e+01
1.121503526773588177e+01
0.000000000000000000e+00
8.960822660457315791e+00
1.789806903127446347e+01
1.165988689071895124e-02
7.004915216478594608e+00
1.070801372026428666e+01
1.851193170539514554e+01
1.155123323722006745e+01
8.146293659699484380e+00
9.723383074441628082e+00
2.195855248732366505e+01
1.271631119717380365e+01
6.631185931875167583e+00
9.157690691523189486e+00
1.876450939947629237e+01
1.982022864532124506e+00
7.172869342411671845e+00
9.189743927383869249e+00
1.549556870943779074e+01
1.262716400399007455e+01
8.895845214893341790e+00
9.830055585848134214e+00
1.552657862237202657e+01
5.672959598450599827e-01
1.244078179158788977e+01
9.486145260219160491e+00
2.167837826234522325e+01
1.290158035740272702e+01
7.116688755327452043e+00
1.000203846508109784e+01
1.866604422076107994e+01
1.033395077168447607e+01
7.784077100379496628e+00
1.009529572398644071e+01
1.784485253582387543e+01
0.000000000000000000e+00
9.321204163961130718e+00
1.147691757472863827e+01
1.060370510112426068e+01
1.150358561831615489e+01
9.203583746734626203e+00
1.020925070708939764e+01
2.132332878320275071e+01
1.170397912573063159e+01
7.153671452295867539e+00
9.555737644672506192e+00
1.774952449288056044e+01
9.722128790622162953e+00
8.655566500491978843e+00
9.817649159948105719e+00
1.564212571534517338e+01
1.113700842665460655e+00
8.333961825569332404e+00
1.073832186007523681e+01
1.645016033362010788e+01
4.254052960625288038e-01
7.360906564291954446e+00
9.579699148615558713e+00
2.051398772830317796e+01
1.164254638974280098e+01
7.077811598991988085e+00
1.011007862842577865e+01
1.817696313302068845e+01
1.049022904040678128e+01
6.505939743068062775e+00
9.637044868210645987e+00
1.394807049247614295e+01
3.946294774622671753e-02
8.152043250040868827e+00
8.554683385557128261e+00
9.191360834218267328e+00
3.414008249959239460e-01
7.310755543900081754e+00
9.276914780859902621e+00
1.986608412196027729e+01
1.191957498377679414e+01
8.250093859026415899e+00
1.079685597325816104e+01
1.682415093233204573e+01
7.218041902243957253e+00
6.404081697959088437e+00
9.873559381551395120e+00
1.212881930178438594e+01
5.842015301817937711e-02
1.010472560443101564e+01
9.640131848647547130e+00
1.347631180480521174e+01
2.103151781044833302e-01
1.028861044487780596e+01
9.647020273123841250e+00
1.876910106933315703e+01
1.075032348219497003e+01
1.043670824068617975e+01
1.195914440987039384e+01
1.517169946287955007e+01
9.368542419597426729e+00
1.146118953667462037e+01
1.045937226465577830e+01
8.137824458166395547e-02
2.082677755864175140e-01
1.226324612581368712e+01
9.294852804494533771e+00
1.443874172540092005e+01
9.783405408842179796e+00
1.222066009292729127e+01
9.495458241416399048e+00
1.792604099284928054e+01
8.145389000775328014e+00
1.351239762389310428e+01
1.254854676302632122e+01
1.496033557409631243e+01
1.739938847554440393e+00
1.433810390204244811e+01
1.080144952601949804e+01
0.000000000000000000e+00
0.000000000000000000e+00
0.000000000000000000e+00
0.000000000000000000e+00
0.000000000000000000e+00
0.000000000000000000e+00
0.000000000000000000e+00
0.000000000000000000e+00
0.000000000000000000e+00
0.000000000000000000e+00
0.000000000000000000e+00
0.000000000000000000e+00
0.000000000000000000e+00
0.000000000000000000e+00
0.000000000000000000e+00
0.000000000000000000e+00
2.371698972457316046e+01
1.002124334219626434e+00
1.172995540418678040e+01
1.577717011379974466e+01
1.834921927037345313e+01
1.534941458105345546e+01
1.111933344031042736e+01
1.450537185089237191e+01
2.073096653459615268e+01
1.405580455650904348e+01
1.285080754258125957e+01
1.692358820678354547e+01
1.903343040872130487e+01
1.587440775700882512e+01
0.000000000000000000e+00
1.499850187060619433e+01
2.317149237355171110e+01
0.000000000000000000e+00
3.898229292052060924e+00
1.167709753969728759e+01
1.653979899860420133e+01
1.310214712578798668e+01
8.353936980530699330e+00
9.369603649624306030e+00
2.202385676043049756e+01
1.748949434465676944e+01
5.520216287136351596e+00
8.316686107894772917e+00
2.115973246664349361e+01
1.536438182554898191e+01
5.057878681344531557e+00
9.134224668955774007e+00
2.163455348539600820e+01
1.452928539225940519e+01
7.832431275454958097e+00
1.092643682002975503e+01
1.829674418264058389e+01
2.869875149043799922e+00
1.015617746251911768e+01
1.022414439845617373e+01
2.191211747398401499e+01
1.720089097943929346e+01
5.925628117086591651e+00
9.597436658361099049e+00
2.022812131714126238e+01
1.482603300600035823e+01
6.603419519405280269e+00
1.027260891165829015e+01
1.760546295544361328e+01
0.000000000000000000e+00
8.571211852077388116e+00
1.302513111321658812e+01
1.870116447604256749e+01
0.000000000000000000e+00
8.693253892112759118e+00
1.071339708971536631e+01
2.213631237465764912e+01
1.666129044469458265e+01
5.565147663929746358e+00
9.234609481361394145e+00
2.063718173369763420e+01
1.468068332738703496e+01
6.999095553650780843e+00
9.903185938488899609e+00
1.966048528231912940e+01
1.443505039663888745e+01
7.016373756487859659e+00
1.199688106431593937e+01
1.688048871143734786e+01
1.188051143673339638e+01
5.343795435479462341e+00
1.070425428430757187e+01
2.254705636820391135e+01
1.673294264692481548e+01
6.247997560119264548e+00
9.507886614276513271e+00
2.031582704091220393e+01
1.353147954580228252e+01
3.578027240757869709e+00
9.562629502724194097e+00
2.143620966504816039e+01
0.000000000000000000e+00
7.389055891489246797e+00
9.908253829393938616e+00
1.580878680632280542e+01
1.156279373962171242e+01
7.477000150532169265e+00
1.040567491056837568e+01
2.259204444136420875e+01
1.661723894911216703e+01
7.039699343082425287e+00
1.051848584410704923e+01
2.038689908339430801e+01
1.237237140266225666e+01
5.531666211956593138e+00
9.969442319568868172e+00
1.812373695846505228e+01
9.191197127579187054e-02
9.741097648863268788e+00
1.067970464643883588e+01
1.708816690248275449e+01
1.131267360706330471e+01
1.020036009177944081e+01
1.079620019436940126e+01
2.252130433711053215e+01
1.579351443197776383e+01
8.914311085830297188e+00
1.233703341451505153e+01
2.005480274875912272e+01
1.084208670280827924e+01
9.365983782605283636e+00
1.096279905437216051e+01
1.647032668530120603e+01
1.289883037307522073e-01
1.165917500173943999e+01
1.001390476130138474e+01
1.493339005059492486e+01
0.000000000000000000e+00
1.037622142047233353e+01
1.108740585264010825e+01
2.208217410539372949e+01
1.489659473365129294e+01
1.210078276368100347e+01
1.353478158276273469e+01
1.965804529538434053e+01
7.649939841955507802e+00
1.339714650650389238e+01
1.198696441756131037e+01
0.000000000000000000e+00
0.000000000000000000e+00
0.000000000000000000e+00
0.000000000000000000e+00
0.000000000000000000e+00
0.000000000000000000e+00
0.000000000000000000e+00
0.000000000000000000e+00
0.000000000000000000e+00
0.000000000000000000e+00
0.000000000000000000e+00
0.000000000000000000e+00
0.000000000000000000e+00
0.000000000000000000e+00
0.000000000000000000e+00
0.000000000000000000e+00
0.000000000000000000e+00
0.000000000000000000e+00
0.000000000000000000e+00
0.000000000000000000e+00
0.000000000000000000e+00
0.000000000000000000e+00
0.000000000000000000e+00
0.000000000000000000e+00
0.000000000000000000e+00
0.000000000000000000e+00
0.000000000000000000e+00
0.000000000000000000e+00
0.000000000000000000e+00
0.000000000000000000e+00
0.000000000000000000e+00
0.000000000000000000e+00
5.283817141256131222e+00
0.000000000000000000e+00
0.000000000000000000e+00
1.928976693222499250e+01
0.000000000000000000e+00
0.000000000000000000e+00
1.232544403478562955e+01
1.503824991168945502e+01
2.152794364643254710e+01
1.586317098403422321e+01
1.234256579957901323e+01
1.868967652854576755e+01
2.144686518213902104e+01
1.048325291372265156e-02
1.280847323196763732e+01
1.635661163060062151e+01
2.345354609319649342e+01
0.000000000000000000e+00
7.443014325675060938e+00
1.186923419309965055e+01
1.922182820582314022e+01
1.791834891388685946e+01
8.260132357694967453e+00
9.597075490293109468e+00
1.830366923529565071e+01
1.847392193164245100e+01
3.821360249790253238e+00
8.570663562341742647e+00
1.786867061703121351e+01
1.616213633303761910e+01
6.316107237056207246e+00
9.621226437569649903e+00
2.051611848423822337e+01
0.000000000000000000e+00
7.270585322461729838e+00
1.153218773061095881e+01
2.004953886815937736e+01
0.000000000000000000e+00
9.436789798891762615e+00
1.024641497909532184e+01
1.893780369114182349e+01
1.843241273439937800e+01
4.682705989312969663e+00
8.508611310424198493e+00
1.948997560744001589e+01
1.429782504666696141e+01
5.108996591418638822e+00
9.338714884881678557e+00
2.154054702426134682e+01
1.639770399088597586e+01
6.203077290377319031e+00
1.285240404049136842e+01
1.651945388560459094e+01
1.380380729128536288e+01
5.796521729328858896e+00
1.207216441500921356e+01
2.022563690368025036e+01
1.821397625601019854e+01
5.088504922219410531e+00
9.045345885466925751e+00
1.753775188284098618e+01
1.615504659956445721e+01
2.819162766195075331e+00
9.118817908636135172e+00
2.344793465662570853e+01
0.000000000000000000e+00
6.889785540177430612e+00
1.080902877173692112e+01
1.862025235883965024e+01
1.365924136378989751e+01
3.779363798742527258e+00
1.176387341252515384e+01
2.000134095775017329e+01
1.807199207658185358e+01
5.654009388227491328e+00
9.719450317285570407e+00
1.951038775632417810e+01
1.632919639826620539e+01
4.203902680817104276e+00
9.825463839314162229e+00
1.508118065695066079e+01
1.501307076977651001e+01
9.536361457792015273e+00
1.185650112296575109e+01
1.474299257849704325e+01
1.325669205185147526e+01
8.988098811404711341e+00
1.187518365192019054e+01
2.018740649330358394e+01
1.808729468692724751e+01
7.441328803851942730e+00
1.196901977622691682e+01
2.057507729842004451e+01
1.239097797882026164e+01
7.471527674948777786e+00
1.110517512338866908e+01
1.941213318457588599e+01
1.968844803205591631e-01
1.120669886795115211e+01
1.101076286437175256e+01
1.769624021644816025e+01
0.000000000000000000e+00
1.049502689642979725e+01
1.203223323066002415e+01
2.021566677291572489e+01
1.773549076622604304e+01
1.022019201832524793e+01
1.354430990290801518e+01
1.968802837232776426e+01
1.436742158966909066e+01
1.319285629126177817e+01
1.247778230636501462e+01
0.000000000000000000e+00
0.000000000000000000e+00
0.000000000000000000e+00
0.000000000000000000e+00
0.000000000000000000e+00
0.000000000000000000e+00
0.000000000000000000e+00
0.000000000000000000e+00
0.000000000000000000e+00
0.000000000000000000e+00
0.000000000000000000e+00
0.000000000000000000e+00
0.000000000000000000e+00
0.000000000000000000e+00
0.000000000000000000e+00
0.000000000000000000e+00
0.000000000000000000e+00
0.000000000000000000e+00
0.000000000000000000e+00
0.000000000000000000e+00
0.000000000000000000e+00
0.000000000000000000e+00
0.000000000000000000e+00
0.000000000000000000e+00
0.000000000000000000e+00
0.000000000000000000e+00
0.000000000000000000e+00
0.000000000000000000e+00
0.000000000000000000e+00
0.000000000000000000e+00
0.000000000000000000e+00
0.000000000000000000e+00
0.000000000000000000e+00
0.000000000000000000e+00
0.000000000000000000e+00
0.000000000000000000e+00
0.000000000000000000e+00
0.000000000000000000e+00
0.000000000000000000e+00
0.000000000000000000e+00
0.000000000000000000e+00
0.000000000000000000e+00
0.000000000000000000e+00
0.000000000000000000e+00
0.000000000000000000e+00
0.000000000000000000e+00
0.000000000000000000e+00
0.000000000000000000e+00
3.692710970680497529e-02
0.000000000000000000e+00
1.517149057133624623e+01
2.065013424744861581e+01
2.115115942768795065e+01
0.000000000000000000e+00
9.340028976252025217e+00
1.410310057082935309e+01
2.594862016948500383e+01
1.306395325365565618e+01
1.239114353298471194e+01
1.975609274716308406e+01
2.397944897652591223e+01
6.678602384950476090e-01
1.587270086947676795e+01
1.753949827204054301e+01
2.055730255316754196e+01
0.000000000000000000e+00
4.450931955308194965e+00
1.232387659947762693e+01
1.798969830484993793e+01
0.000000000000000000e+00
5.201043614953482219e+00
9.995033288719547215e+00
1.573843783387749085e+01
1.795065351573473578e+01
3.747682038872713672e+00
7.726682433253329485e+00
1.438715991807142558e+01
1.596823760881398080e+01
3.062682350085228489e+00
8.366898825940671358e+00
0.000000000000000000e+00
0.000000000000000000e+00
4.443137144271532613e+00
1.324051338266204247e+01
1.422217161156908993e+01
1.572619525995262357e+01
5.078560651652086477e+00
1.004246580316936388e+01
1.626291204348860475e+01
1.815876395683910971e+01
3.319134368833180471e+00
8.397425742600752585e+00
1.524993521031414190e+01
1.759101753737320450e+01
0.000000000000000000e+00
8.794473591752385744e+00
1.950175583254288014e+01
0.000000000000000000e+00
6.495796950808181869e+00
1.038135900295548986e+01
1.831608443172619261e+01
1.553264066357902706e+01
4.101240399465577724e+00
1.272741763333446130e+01
1.526965969850449234e+01
1.854901502865963181e+01
4.008887671216649018e+00
8.564614145892031516e+00
1.718554781046554325e+01
1.803622092804927135e+01
4.531772191032053421e+00
9.268266965284723824e+00
1.948731775388301557e+01
0.000000000000000000e+00
8.548908156215537346e+00
1.049749586856763628e+01
1.259376329811439632e+01
1.536474689502680846e+01
7.214312651632199369e+00
1.273817462753990348e+01
1.514767342548368845e+01
1.767272507138056170e+01
5.436383108374631234e+00
1.079208238085435134e+01
1.809835182127106279e+01
1.728189732700234416e+01
3.414685000923819214e+00
1.047515823884055486e+01
1.742330174527119624e+01
2.661907050789444895e-01
1.025180191206210090e+01
1.188699680404048209e+01
1.938436148522502123e+01
0.000000000000000000e+00
8.915498288815104644e+00
1.353481500225897349e+01
1.623969537875842306e+01
1.781866657770342499e+01
6.989984948062186731e+00
1.229570860939891297e+01
1.772820346713239559e+01
1.710037068466564136e+01
9.359924128710341407e+00
1.251321731914189428e+01
